0.01,0.0,-0.0
0.11045226130653266,0.0,-0.0
0.21090452261306533,0.0,0.0002980603039123944
0.311356783919598,0.0,0.0070645840520302625
0.41180904522613065,0.0,0.024343581900144136
0.5122613065326633,0.0,0.05171547436272842
0.612713567839196,0.0,0.09419223931979123
0.7131658291457287,0.0,0.14281938526497498
0.8136180904522613,0.0,0.19411359550988674
0.9140703517587939,0.0,0.2456869376621171
1.0145226130653267,0.0,0.29600792648258434
1.1149748743718593,0.0,0.3441532075387567
1.215427135678392,0.0,0.38961221429597137
1.3158793969849245,0.0,0.43685369326003043
1.4163316582914574,0.0,0.4756625010089993
1.51678391959799,0.0,0.5116190168762369
1.6172361809045226,0.0,0.5448413284621196
1.7176884422110552,0.0,0.5754804736900605
1.8181407035175878,0.0,0.6037038029937773
1.9185929648241207,0.0,0.6333691158842218
2.019045226130653,0.0,0.6567004506871388
2.1194974874371857,0.0,0.6782083379831956
2.2199497487437183,0.0,0.6980411129483023
2.320402010050251,0.0,0.71633749818717
2.4208542713567835,0.0,0.733226313177556
2.521306532663316,0.0,0.7488265512364563
2.621758793969849,0.0,0.7632476876641713
2.722211055276382,0.0,0.7765901284085839
2.8226633165829145,0.0,0.7915411496954196
2.923115577889447,0.0,0.8026456465084172
3.0235678391959797,0.0,0.8129705421563777
3.1240201005025123,0.0,0.8225795038251327
3.224472361809045,0.0,0.8315306153083265
3.3249246231155776,0.0,0.8398768664345698
3.42537688442211,0.0,0.8476666037036298
3.525829145728643,0.0,0.8549439441822041
3.6262814070351754,0.0,0.8617491548674953
3.726733668341708,0.0,0.8681189997745075
3.827185929648241,0.0,0.8740870569862648
3.9276381909547737,0.0,0.879684007851972
4.028090452261306,0.0,0.8849379004420831
4.128542713567839,0.0,0.8898743892786729
4.228994974874372,0.0,0.8945169532596201
4.329447236180904,0.0,0.8988870935891705
4.429899497487437,0.0,0.9030045134180421
4.5303517587939695,0.0,0.9068872807853847
4.630804020100502,0.0,0.9120051230549603
4.731256281407035,0.0,0.9153348739707262
4.831708542713567,0.0,0.9184888967512577
4.9321608040201,0.0,0.921478676807203
5.0326130653266326,0.0,0.9243148288542038
5.133065326633165,0.0,0.9270071703872973
5.233517587939698,0.0,0.9295647884298804
5.33396984924623,0.0,0.9319961002177882
5.434422110552764,0.0,0.9343089084086013
5.5348743718592965,0.0,0.9365104513436089
5.635326633165829,0.0,0.9386074488415955
5.735778894472362,0.0,0.9406061439329819
5.836231155778894,0.0,0.9425123409443812
5.936683417085427,0.0,0.9443314402498374
6.03713567839196,0.0,0.9460684700148918
6.137587939698492,0.0,0.9477281152084677
6.238040201005025,0.0,0.9493147441323135
6.3384924623115575,0.0,0.9508324327005019
6.43894472361809,0.0,0.9522849866675941
6.539396984924623,0.0,0.9536759619988688
6.639849246231155,0.0,0.9550086835434917
6.740301507537688,0.0,0.956286262166756
6.840753768844221,0.0,0.9575116104773137
6.941206030150753,0.0,0.9586874572741062
7.041658291457286,0.0,0.9598163608257624
7.1421105527638185,0.0,0.9609007210846857
7.242562814070351,0.0,0.9619427909285423
7.343015075376884,0.0,0.9629446865132654
7.443467336683416,0.0,0.9639083968139404
7.54391959798995,0.0,0.9648357924229369
7.644371859296482,0.0,0.9657286336683124
7.744824120603015,0.0,0.9665885781098006
7.845276381909548,0.0,0.9674171874645168
7.94572864321608,0.0,0.9682159340098352
8.046180904522613,0.0,0.9689862065066451
8.146633165829146,0.0,0.9697293156823656
8.247085427135678,0.0,0.9704464993096124
8.34753768844221,0.0,0.9711389269132598
8.447989949748743,0.0,0.9718077041357858
8.548442211055276,0.0,0.9724538767881897
8.648894472361809,0.0,0.9730784346114152
8.749346733668341,0.0,0.9736823147710839
8.849798994974874,0.0,0.9742664051063846
8.950251256281406,0.0,0.9748315471522196
9.05070351758794,0.0,0.9753785389520556
9.151155778894472,0.0,0.9759081376775683
9.251608040201004,0.0,0.9764210620696778
9.352060301507537,0.0,0.9769179947145097
9.45251256281407,0.0,0.9773995841666363
9.552964824120602,0.0,0.9778664469309439
9.653417085427135,0.0,0.9783191693135842
9.753869346733667,0.0,0.9787583091515896
9.8543216080402,0.0,0.9791843974299982
9.954773869346733,0.0,0.9795979397946137
10.055226130653265,0.0,0.9799994179678811
10.155678391959798,0.0,0.9803892910747909
10.25613065326633,0.0,0.9807679968851652
10.356582914572863,0.0,0.9811359529782036
10.457035175879396,0.0,0.9814935578347028
10.557487437185928,0.0,0.9818411918619597
10.657939698492461,0.0,0.9821792183559864
10.758391959798995,0.0,0.9825079844053061
10.858844221105528,0.0,0.9828278217402913
10.95929648241206,0.0,0.9831390475317229
11.059748743718593,0.0,0.9834419651419346
11.160201005025126,0.0,0.9837368648317034
11.260653266331659,0.0,0.9840240244258049
11.361105527638191,0.0,0.9843037099399256
11.461557788944724,0.0,0.9845761761714469
11.562010050251256,0.0,0.984841667256431
11.662462311557789,0.0,0.9851004171949748
11.762914572864322,0.0,0.9853526503469355
11.863366834170854,0.0,0.9855985818999121
11.963819095477387,0.0,0.9858384183112098
12.06427135678392,0.0,0.9860723577254171
12.164723618090452,0.0,0.9863005903691108
12.265175879396985,0.0,0.9865232989240501
12.365628140703517,0.0,0.986740658880273
12.46608040201005,0.0,0.9869528388701843
12.566532663316583,0.0,0.9871600009848795
12.666984924623115,0.0,0.9873623010737179
12.767437185929648,0.0,0.9875598890281669
12.86788944723618,0.0,0.9877529090508232
12.968341708542713,0.0,0.9879414999104931
13.068793969849246,0.0,0.9881257951841406
13.169246231155778,0.0,0.9883059234864665
13.269698492462311,0.0,0.9884820086878274
13.370150753768844,0.0,0.988654170121157
13.470603015075376,0.0,0.9888225227785175
13.571055276381909,0.0,0.9889871774978689
13.671507537688441,0.0,0.9891482411405975
13.771959798994974,0.0,0.9893058167603249
13.872412060301507,0.0,0.9894600037634715
13.97286432160804,0.0,0.9896108980620374
14.073316582914572,0.0,0.9899556408689072
14.173768844221105,0.0,0.9900948632771168
14.274221105527637,0.0,0.9902312406802575
14.37467336683417,0.0,0.9903648492965055
14.475125628140702,0.0,0.9904957628335599
14.575577889447235,0.0,0.9906240525862666
14.676030150753768,0.0,0.9907497875298943
14.7764824120603,0.0,0.9908730344092638
14.876934673366833,0.0,0.9909938578239447
14.977386934673365,0.0,0.9911123203097136
15.0778391959799,0.0,0.9912284824164608
15.178291457286432,0.0,0.9913424027827148
15.278743718592965,0.0,0.991454138206954
15.379195979899498,0.0,0.9915637437158601
15.47964824120603,0.0,0.9916712726296628
15.580100502512563,0.0,0.9917767766247108
15.680552763819096,0.0,0.991880305793407
15.781005025125628,0.0,0.9919819087016306
15.88145728643216,0.0,0.9920816324437635
15.981909547738693,0.0,0.9921795226954366
16.082361809045228,0.0,0.9922756237640996
16.18281407035176,0.0,0.9923699786375189
16.283266331658293,0.0,0.9924626290302947
16.383718592964826,0.0,0.9925536154284926
16.48417085427136,0.0,0.9926429771324757
16.58462311557789,0.0,0.9927307522980152
16.685075376884424,0.0,0.9928169779757596
16.785527638190956,0.0,0.9929016901491419
16.88597989949749,0.0,0.992984923770782
16.98643216080402,0.0,0.9930667127974664
17.086884422110554,0.0,0.9931470902237552
17.187336683417087,0.0,0.9932260881142864
17.28778894472362,0.0,0.9933037376348283
17.388241206030152,0.0,0.993380069082139
17.488693467336685,0.0,0.9934551119126822
17.589145728643217,0.0,0.9935288947702496
17.68959798994975,0.0,0.9936014455125365
17.790050251256282,0.0,0.9936727912367163
17.890502512562815,0.0,0.9937429583040566
17.990954773869348,0.0,0.9938119723636146
18.09140703517588,0.0,0.993879858375055
18.191859296482413,0.0,0.9939466406306232
18.292311557788945,0.0,0.9940123427763143
18.392763819095478,0.0,0.9940769878322621
18.49321608040201,0.0,0.9941405982123918
18.593668341708543,0.0,0.994203195743357
18.694120603015076,0.0,0.9942648016827976
18.79457286432161,0.0,0.9943254367369397
18.89502512562814,0.0,0.9943851210775682
18.995477386934674,0.0,0.9944438743584004
19.095929648241206,0.0,0.9945017157308732
19.19638190954774,0.0,0.9945586638593829
19.29683417085427,0.0,0.9946147369359869
19.397286432160804,0.0,0.9946699526945938
19.497738693467337,0.0,0.9947243284246619
19.59819095477387,0.0,0.9947778809844252
19.698643216080402,0.0,0.9948306268136652
19.799095477386935,0.0,0.9948825819460433
19.899547738693467,0.0,0.9949337620210181
20.0,0.0,0.9949841822953551
