0.01,-3.2422778710982936
0.11045226130653266,-3.2422737640854002
0.21090452261306533,-3.2421847305543405
0.311356783919598,-3.2416244886729673
0.41180904522613065,-3.2396492285990086
0.5122613065326633,-3.234438506856284
0.612713567839196,-3.2246045578538016
0.7131658291457287,-3.2091651648867923
0.8136180904522613,-3.187758613535431
0.9140703517587939,-3.1605080381969364
1.0145226130653267,-3.1278027896678786
1.1149748743718593,-3.0901622958705617
1.215427135678392,-3.0454741028575354
1.3158793969849245,-3.0002404880885005
1.4163316582914574,-2.952181243940922
1.51678391959799,-2.901932186694379
1.6172361809045226,-2.850092582311977
1.7176884422110552,-2.797211185583245
1.8181407035175878,-2.741928647970156
1.9185929648241207,-2.6871602214093744
2.019045226130653,-2.6307057163263745
2.1194974874371857,-2.5759220620374292
2.2199497487437183,-2.52178874859362
2.320402010050251,-2.4670152368316804
2.4208542713567835,-2.4144353484310646
2.521306532663316,-2.3620877446478405
2.621758793969849,-2.311643161042999
2.722211055276382,-2.2624548123274333
2.8226633165829145,-2.2139056069920486
2.923115577889447,-2.1672140940364852
3.0235678391959797,-2.121856198878743
3.1240201005025123,-2.07729553456815
3.224472361809045,-2.034496420947601
3.3249246231155776,-1.9926221551829757
3.42537688442211,-1.9523389404010834
3.525829145728643,-1.9133108544147417
3.6262814070351754,-1.875171260082423
3.726733668341708,-1.838505194209449
3.827185929648241,-1.802998301651769
3.9276381909547737,-1.7686171420602514
4.028090452261306,-1.7349723048807961
4.128542713567839,-1.702684215307749
4.228994974874372,-1.6714139301577102
4.329447236180904,-1.640811629243049
4.429899497487437,-1.6114296208281518
4.5303517587939695,-1.582960423815008
4.630804020100502,-1.5550902647775757
4.731256281407035,-1.5283135051678283
4.831708542713567,-1.5023518536065446
4.9321608040201,-1.4771752949758827
5.0326130653266326,-1.4524741913868233
5.133065326633165,-1.428750822552793
5.233517587939698,-1.4057269039271656
5.33396984924623,-1.3831270258250203
5.434422110552764,-1.3613996141447071
5.5348743718592965,-1.3402954133315248
5.635326633165829,-1.3197913152530294
5.735778894472362,-1.2996218234241539
5.836231155778894,-1.2802305945333625
5.936683417085427,-1.2613748126075492
6.03713567839196,-1.2428184641480282
6.137587939698492,-1.2249577135514471
6.238040201005025,-1.2075755666034542
6.3384924623115575,-1.1906548193024555
6.43894472361809,-1.1739706243698862
6.539396984924623,-1.1579084301410631
6.639849246231155,-1.1422598115820488
6.740301507537688,-1.127010276019817
6.840753768844221,-1.1119469760653402
6.941206030150753,-1.0974412119323116
7.041658291457286,-1.0832942890262647
7.1421105527638185,-1.0694939869659592
7.242562814070351,-1.055839731803765
7.343015075376884,-1.0426865462737513
7.443467336683416,-1.0298460533594778
7.54391959798995,-1.017307923865209
7.644371859296482,-1.0050622439103396
7.744824120603015,-0.9929111345519068
7.845276381909548,-0.9812121855640896
7.94572864321608,-0.9697781479400156
8.046180904522613,-0.9586006071896715
8.146633165829146,-0.9474947704956023
8.247085427135678,-0.9367976575784382
8.34753768844221,-0.9263336448940223
8.447989949748743,-0.9160955628947711
8.548442211055276,-0.9059110140134052
8.648894472361809,-0.896096900779856
8.749346733668341,-0.8864887582873457
8.849798994974874,-0.8770804526826588
8.950251256281406,-0.8678660784209349
9.05070351758794,-0.8586786153059052
9.151155778894472,-0.8498287346159934
9.251608040201004,-0.8411563205161521
9.352060301507537,-0.8326562942293556
9.45251256281407,-0.8243237597527191
9.552964824120602,-0.8159978746403311
9.653417085427135,-0.8079806452442178
9.753869346733667,-0.8001172365992524
9.8543216080402,-0.7924034162917053
9.954773869346733,-0.7846898299610352
10.055226130653265,-0.7772581119413502
10.155678391959798,-0.7699641457215307
10.25613065326633,-0.7628042575837632
10.356582914572863,-0.7557748981016346
10.457035175879396,-0.748733043365867
10.557487437185928,-0.7419502256976465
10.657939698492461,-0.7352879945127491
10.758391959798995,-0.728743253747357
10.858844221105528,-0.7223130085467133
10.95929648241206,-0.7159943612827995
11.059748743718593,-0.7096470642115591
11.160201005025126,-0.7035395031958025
11.260653266331659,-0.6975354112193273
11.361105527638191,-0.6916322465450584
11.461557788944724,-0.6858275472015087
11.562010050251256,-0.679988013047776
11.662462311557789,-0.6743698445747057
11.762914572864322,-0.6688432242795521
11.863366834170854,-0.6634059829353909
11.963819095477387,-0.6580560171543368
12.06427135678392,-0.652666827522058
12.164723618090452,-0.6474824409564306
12.265175879396985,-0.6423794115956589
12.365628140703517,-0.6373558782985462
12.46608040201005,-0.6324100345887445
12.566532663316583,-0.62754012670705
12.666984924623115,-0.6226237319877974
12.767437185929648,-0.6178980931350146
12.86788944723618,-0.6132434488461804
12.968341708542713,-0.6086582399115024
13.068793969849246,-0.6041409511885796
13.169246231155778,-0.5996901100890071
13.269698492462311,-0.5951877233081788
13.370150753768844,-0.590863302764113
13.470603015075376,-0.5866011754768437
13.571055276381909,-0.5824000263378188
13.671507537688441,-0.5782585760397225
13.771959798994974,-0.5741755798904791
13.872412060301507,-0.5700376827787359
13.97286432160804,-0.5660660546521932
14.073316582914572,-0.56214936496022
14.173768844221105,-0.5582864974412907
14.274221105527637,-0.5544763651339366
14.37467336683417,-0.5507179094397046
14.475125628140702,-0.5469025105076568
14.575577889447235,-0.5432426460340167
14.676030150753768,-0.5396314646179441
14.7764824120603,-0.536068013144881
14.876934673366833,-0.532551362646597
14.977386934673365,-0.5290806075550094
15.0778391959799,-0.525551874974294
15.178291457286432,-0.5221688002145974
15.278743718592965,-0.5188290572006728
15.379195979899498,-0.5155318275831249
15.47964824120603,-0.5122763130423138
15.580100502512563,-0.5090617346898654
15.680552763819096,-0.5058873324914188
15.781005025125628,-0.5026526458805947
15.88145728643216,-0.4995551062794519
15.981909547738693,-0.49649558915939096
16.082361809045228,-0.49347340492320413
16.18281407035176,-0.4904878802080752
16.283266331658293,-0.4875383574188348
16.383718592964826,-0.48462419427698933
16.48417085427136,-0.48164857149359364
16.58462311557789,-0.4788021523732908
16.685075376884424,-0.4759892712813354
16.785527638190956,-0.47320934328057973
16.88597989949749,-0.470461796695794
16.98643216080402,-0.4677460727462943
17.086884422110554,-0.4650616251904296
17.187336683417087,-0.46231540642219215
17.28778894472362,-0.4596909648635119
17.388241206030152,-0.45709624912535674
17.488693467336685,-0.45453075999723325
17.589145728643217,-0.45199400918204446
17.68959798994975,-0.44948551900444755
17.790050251256282,-0.4470048221283349
17.890502512562815,-0.4445514612833392
17.990954773869348,-0.44203539765968003
18.09140703517588,-0.43963456477615637
18.191859296482413,-0.4372597690059905
18.292311557788945,-0.434910590901886
18.392763819095478,-0.4325866198256989
18.49321608040201,-0.43028745372225075
18.593668341708543,-0.42801269889987026
18.694120603015076,-0.4256762468905393
18.79457286432161,-0.4234484657243769
18.89502512562814,-0.4212439766044085
18.995477386934674,-0.4190624173135262
19.095929648241206,-0.4169034329872474
19.19638190954774,-0.41476667593109795
19.29683417085427,-0.4126518054433319
19.397286432160804,-0.41055848764289493
19.497738693467337,-0.4084863953023756
19.59819095477387,-0.4063521011839981
19.698643216080402,-0.40432092416912724
19.799095477386935,-0.4023100418259844
19.899547738693467,-0.4003191520041298
20.0,-0.3983479584341225
