0.01,0.0,-0.0
0.11045226130653266,0.0,-0.0
0.21090452261306533,0.0,0.003216428103312882
0.311356783919598,0.0,0.017103088680840175
0.41180904522613065,0.0,0.039771282331891894
0.5122613065326633,0.0,0.07170746233494898
0.612713567839196,0.0,0.1177463869147524
0.7131658291457287,0.0,0.1680705719400102
0.8136180904522613,0.0,0.2197577648528658
0.9140703517587939,0.0,0.270874171726325
1.0145226130653267,0.0,0.3202158243733042
1.1149748743718593,0.0,0.3670838923348289
1.215427135678392,0.0,0.41618943164487476
1.3158793969849245,0.0,0.456475967981653
1.4163316582914574,0.0,0.4938673234457582
1.51678391959799,0.0,0.5284565800572563
1.6172361809045226,0.0,0.5603812892391914
1.7176884422110552,0.0,0.5898027863153025
1.8181407035175878,0.0,0.6208840246033763
1.9185929648241207,0.0,0.645197350072991
2.019045226130653,0.0,0.6676075488431584
2.1194974874371857,0.0,0.6882679164936168
2.2199497487437183,0.0,0.7073223986781552
2.320402010050251,0.0,0.7249050550159507
2.4208542713567835,0.0,0.7411399849958445
2.521306532663316,0.0,0.7561415456408863
2.621758793969849,0.0,0.7700147491181767
2.722211055276382,0.0,0.7856401933165647
2.8226633165829145,0.0,0.797163850544312
2.923115577889447,0.0,0.8078732864398206
3.0235678391959797,0.0,0.8178352538929926
3.1240201005025123,0.0,0.8271106421126201
3.224472361809045,0.0,0.8357549906197459
3.3249246231155776,0.0,0.8438189625574705
3.42537688442211,0.0,0.851348779418795
3.525829145728643,0.0,0.8583866195124058
3.6262814070351754,0.0,0.8649709825432836
3.726733668341708,0.0,0.871137022671224
3.827185929648241,0.0,0.8769168523475294
3.9276381909547737,0.0,0.8823398191449597
4.028090452261306,0.0,0.8874327576969464
4.128542713567839,0.0,0.8922202187544057
4.228994974874372,0.0,0.8967246772562161
4.329447236180904,0.0,0.9009667211902612
4.429899497487437,0.0,0.9049652229389198
4.5303517587939695,0.0,0.9087374945735608
4.630804020100502,0.0,0.9136843001926674
4.731256281407035,0.0,0.9169252214759916
4.831708542713567,0.0,0.9199962248266139
4.9321608040201,0.0,0.922908355987959
5.0326130653266326,0.0,0.9256718268772759
5.133065326633165,0.0,0.9282960857471326
5.233517587939698,0.0,0.930789880895204
5.33396984924623,0.0,0.933161318653441
5.434422110552764,0.0,0.9354179161143671
5.5348743718592965,0.0,0.9375666491615459
5.635326633165829,0.0,0.9396139962318475
5.735778894472362,0.0,0.9415659782184037
5.836231155778894,0.0,0.9434281948786144
5.936683417085427,0.0,0.9452058580755466
6.03713567839196,0.0,0.946903822142229
6.137587939698492,0.0,0.9485266116460181
6.238040201005025,0.0,0.9500784467805004
6.3384924623115575,0.0,0.9515632666094515
6.43894472361809,0.0,0.9529847503566274
6.539396984924623,0.0,0.9543463369176921
6.639849246231155,0.0,0.9556512427539214
6.740301507537688,0.0,0.9569024783133819
6.840753768844221,0.0,0.9581028631099521
6.941206030150753,0.0,0.9592550395789364
7.041658291457286,0.0,0.9603614858167546
7.1421105527638185,0.0,0.9614245273021722
7.242562814070351,0.0,0.9624463476874516
7.343015075376884,0.0,0.9634289987396581
7.443467336683416,0.0,0.9643744095049491
7.54391959798995,0.0,0.9652843947620247
7.644371859296482,0.0,0.9661606628248816
7.744824120603015,0.0,0.9670048227495659
7.845276381909548,0.0,0.9678183909946992
7.94572864321608,0.0,0.9686027975810744
8.046180904522613,0.0,0.9693593917916072
8.146633165829146,0.0,0.9700894474492454
8.247085427135678,0.0,0.9707941678071427
8.34753768844221,0.0,0.971474690082389
8.447989949748743,0.0,0.9721320896618693
8.548442211055276,0.0,0.9727673840063487
8.648894472361809,0.0,0.9733815362766333
8.749346733668341,0.0,0.9739754587036213
8.849798994974874,0.0,0.9745500157222029
8.950251256281406,0.0,0.9751060268872824
9.05070351758794,0.0,0.97564426958864
9.151155778894472,0.0,0.9761654815800366
9.251608040201004,0.0,0.9766703633365492
9.352060301507537,0.0,0.9771595802531126
9.45251256281407,0.0,0.9776337646960965
9.552964824120602,0.0,0.9780935179188179
9.653417085427135,0.0,0.9785394118509966
9.753869346733667,0.0,0.9789719907713645
9.8543216080402,0.0,0.9793917728719064
9.954773869346733,0.0,0.9797992517215308
10.055226130653265,0.0,0.9801948976363657
10.155678391959798,0.0,0.9805791589633026
10.25613065326633,0.0,0.9809524632829068
10.356582914572863,0.0,0.9813152185373306
10.457035175879396,0.0,0.981667814088445
10.557487437185928,0.0,0.982010621710997
10.657939698492461,0.0,0.982343996525249
10.758391959798995,0.0,0.9826682778731988
10.858844221105528,0.0,0.9829837901422256
10.95929648241206,0.0,0.9832908435396347
11.059748743718593,0.0,0.9835897348214141
11.160201005025126,0.0,0.9838807479782052
11.260653266331659,0.0,0.9841641548813048
11.361105527638191,0.0,0.9844402158912972
11.461557788944724,0.0,0.9847091804317413
11.562010050251256,0.0,0.9849712875301553
11.662462311557789,0.0,0.9852267663283839
11.762914572864322,0.0,0.9854758365642935
11.863366834170854,0.0,0.9857187090265989
11.963819095477387,0.0,0.9859555859844906
12.06427135678392,0.0,0.9861866615936539
12.164723618090452,0.0,0.9864121222801058
12.265175879396985,0.0,0.986632147103206
12.365628140703517,0.0,0.9868469080991715
12.46608040201005,0.0,0.9870565706061766
12.566532663316583,0.0,0.9872612935722064
12.666984924623115,0.0,0.9874612298466955
12.767437185929648,0.0,0.9876565264568699
12.86788944723618,0.0,0.9878473248697319
12.968341708542713,0.0,0.9880337612405082
13.068793969849246,0.0,0.9882159666483455
13.169246231155778,0.0,0.9883940673200029
13.269698492462311,0.0,0.9885681848422181
13.370150753768844,0.0,0.9887384363633908
13.470603015075376,0.0,0.9889049347851957
13.571055276381909,0.0,0.9890677889446856
13.671507537688441,0.0,0.9892271037874186
13.771959798994974,0.0,0.9893829805321047
13.872412060301507,0.0,0.9895355168272417
13.97286432160804,0.0,0.9896848069001791
14.073316582914572,0.0,0.9900252933741094
14.173768844221105,0.0,0.9901630902655049
14.274221105527637,0.0,0.9902980803952128
14.37467336683417,0.0,0.990430338720174
14.475125628140702,0.0,0.9905599377359487
14.575577889447235,0.0,0.990686947572154
14.676030150753768,0.0,0.9908114360836496
14.7764824120603,0.0,0.9909334689376905
14.876934673366833,0.0,0.9910531096972408
14.977386934673365,0.0,0.9911704199006452
15.0778391959799,0.0,0.9912854591378331
15.178291457286432,0.0,0.9913982851232251
15.278743718592965,0.0,0.9915089537655091
15.379195979899498,0.0,0.9916175192344274
15.47964824120603,0.0,0.991724034024725
15.580100502512563,0.0,0.9918285490173968
15.680552763819096,0.0,0.9919311135383567
15.781005025125628,0.0,0.9920317754146545
15.88145728643216,0.0,0.9921305810283547
15.981909547738693,0.0,0.9922275753681895
16.082361809045228,0.0,0.9923228020790846
16.18281407035176,0.0,0.9924163035096607
16.283266331658293,0.0,0.9925081207578034
16.383718592964826,0.0,0.9925982937143881
16.48417085427136,0.0,0.9926868611052462
16.58462311557789,0.0,0.992773860531452
16.685075376884424,0.0,0.9928593285080041
16.785527638190956,0.0,0.9929433005009761
16.88597989949749,0.0,0.9930258109632043
16.98643216080402,0.0,0.9931068933685765
17.086884422110554,0.0,0.9931865802449845
17.187336683417087,0.0,0.9932649032059967
17.28778894472362,0.0,0.9933418929813141
17.388241206030152,0.0,0.9934175794460515
17.488693467336685,0.0,0.9934919916489057
17.589145728643217,0.0,0.993565157839249
17.68959798994975,0.0,0.9936371054932048
17.790050251256282,0.0,0.9937078613387386
17.890502512562815,0.0,0.9937774513798093
17.990954773869348,0.0,0.9938459009196271
18.09140703517588,0.0,0.9939132345830443
18.191859296482413,0.0,0.9939794763381247
18.292311557788945,0.0,0.9940446495169204
18.392763819095478,0.0,0.9941087768354911
18.49321608040201,0.0,0.9941718804131979
18.593668341708543,0.0,0.9942339817912971
18.694120603015076,0.0,0.9942951019508671
18.79457286432161,0.0,0.9943552613300963
18.89502512562814,0.0,0.9944144798409517
18.995477386934674,0.0,0.9944727768852575
19.095929648241206,0.0,0.9945301713702099
19.19638190954774,0.0,0.9945866817233446
19.29683417085427,0.0,0.9946423259069811
19.397286432160804,0.0,0.9946971214321665
19.497738693467337,0.0,0.9947510853721374
19.59819095477387,0.0,0.9948042343753158
19.698643216080402,0.0,0.9948565846778619
19.799095477386935,0.0,0.9949081521157962
19.899547738693467,0.0,0.994958952136714
20.0,0.0,0.9950089998110992
