0.01,0,0.43446282881304316,-3.2422778725667896,-9.818532081929227,-3.2422778725616115
0.03503759398496241,0,0.4341127401025076,-3.2422778662396583,-9.781791707471928,-3.2422778725616115
0.060075187969924816,0,0.4337587226023954,-3.2422777761679415,-9.745041912154727,-3.2422778725616115
0.08511278195488721,0,0.43180284183025297,-3.242277831065459,-9.670086239434733,-3.2422778725616115
0.11015037593984962,0,0.43140250376417516,-3.2422776934857853,-9.632579199799558,-3.2422778725616115
0.13518796992481205,0,0.43099870098746046,-3.2422773410936316,-9.595086065508479,-3.2422778725616115
0.16022556390977444,0,0.4305914114686912,-3.242276616939422,-9.557607483222654,-3.2422778725616115
0.18526315789473685,0,0.43018061177696326,-3.242275324794234,-9.520144076135145,-3.2422778725616115
0.21030075187969927,0,0.42938706186065234,-3.242276669765259,-9.47385036792449,-3.2422778725616115
0.23533834586466168,0,0.42895944791989604,-3.2422757314486765,-9.436234814206015,-3.2422778725616115
0.2603759398496241,0,0.42852817818422645,-3.2422743225609403,-9.398636755308111,-3.2422778725616115
0.2854135338345865,0,0.42809321586474536,-3.2422723608303166,-9.361056572033872,-3.2422778725616115
0.31045112781954887,0,0.42765452362243034,-3.242269754369185,-9.323494648257121,-3.2422778725616115
0.3354887218045113,0,0.42721206357306285,-3.242266458186068,-9.28595137131327,-3.2422778725616115
0.3605263157894737,0,0.4266697497066488,-3.242272035891271,-9.246250319849404,-3.2422778725616115
0.3855639097744361,0,0.426216939417367,-3.2422702915788135,-9.208695151517542,-3.2422778725616115
0.4106015037593985,0,0.4257601956678258,-3.2422684371454067,-9.17115931491673,-3.2422778725616115
0.43563909774436094,0,0.425299476372362,-3.2422666020322306,-9.133643185032835,-3.2422778725616115
0.46067669172932335,0,0.4248347389209496,-3.242265025398716,-9.09614714303504,-3.2422778725616115
0.48571428571428577,0,0.42436594017359713,-3.2422639234268633,-9.058671576412209,-3.2422778725616115
0.5107518796992482,0,0.4238930364545832,-3.2422636300437406,-9.021216879108469,-3.2422778725616115
0.5357894736842106,0,0.42341598354653764,-3.2422645324502564,-8.983783451658292,-3.2422778725616115
0.560827067669173,0,0.42290763811237037,-3.242285662695555,-8.945781340695513,-3.2422778725616115
0.5858646616541354,0,0.4224213057576375,-3.242293083091187,-8.90837631047244,-3.2422778725616115
0.6109022556390977,0,0.421930665824044,-3.2423033805725763,-8.870993495253344,-3.2422778725616115
0.6359398496240601,0,0.4214356711147754,-3.242317184753455,-8.833633314612175,-3.2422778725616115
0.6609774436090226,0,0.4209362738435491,-3.242335186332682,-8.796296195376211,-3.2422778725616115
0.686015037593985,0,0.42043242562703714,-3.2423581367413923,-8.758982571753158,-3.2422778725616115
0.7110526315789474,0,0.4199240774771969,-3.24238684543157,-8.721692885460111,-3.2422778725616115
0.7360902255639098,0,0.41941117979350767,-3.2424221765390997,-8.68442758585438,-3.2422778725616115
0.7611278195488722,0,0.41889368235511676,-3.2424650457649644,-8.64718713006633,-3.2422778725616115
0.7861654135338346,0,0.4183715343128919,-3.24251641706871,-8.60997198313413,-3.2422778725616115
0.811203007518797,0,0.4178446841813834,-3.2425772975254987,-8.57278261814056,-3.2422778725616115
0.8362406015037595,0,0.4173130798306931,-3.2426487345544612,-8.535619516351828,-3.2422778725616115
0.8612781954887219,0,0.4167766684782557,-3.2427318113322503,-8.49848316735854,-3.2422778725616115
0.8863157894736843,0,0.41623539668052806,-3.242827642793607,-8.461374069218746,-3.2422778725616115
0.9113533834586467,0,0.41568921032458916,-3.242937371326377,-8.424292728603174,-3.2422778725616115
0.9363909774436091,0,0.4151380546196468,-3.2430621628543226,-8.387239660942509,-3.2422778725616115
0.9614285714285715,0,0.4145818740884652,-3.2432032028396716,-8.350215390577176,-3.2422778725616115
0.9864661654135339,0,0.41402061255875533,-3.243361692032424,-8.313220450910286,-3.2422778725616115
1.0115037593984963,0,0.4134542131355574,-3.243538843767912,-8.276255384188088,-3.2422778725616115
1.0365413533834587,0,0.4128826182857197,-3.2437358788878585,-8.239320743504898,-3.2422778725616115
1.0615789473684212,0,0.4123057696432159,-3.2439540239106024,-8.202417089282356,-3.2422778725616115
1.0866165413533835,0,0.41172360818486875,-3.2441945060856425,-8.165544993089876,-3.2422778725616115
1.111654135338346,0,0.4111360741294907,-3.244458552055872,-8.12870503599045,-3.2422778725616115
1.1366917293233083,0,0.4105431069490923,-3.2447473836715397,-8.091897809109156,-3.2422778725616115
1.1617293233082708,0,0.40994464535330705,-3.2450622158109113,-8.055123913679347,-3.2422778725616115
1.1867669172932331,0,0.4093406272872599,-3.2454042589186733,-8.018383961352924,-3.2422778725616115
1.2118045112781954,0,0.40873098991830503,-3.245774691363558,-7.981678574299104,-3.2422778725616115
1.236842105263158,0,0.4081156696274495,-3.2461747077250793,-7.9450083853978715,-3.2422778725616115
1.2618796992481203,0,0.40749460199933557,-3.2466054664385973,-7.908374038409728,-3.2422778725616115
1.2869172932330828,0,0.4068677218131239,-3.2470681131673085,-7.871776188166421,-3.2422778725616115
1.311954887218045,0,0.4062349630324409,-3.2475637741480887,-7.835215500747836,-3.2422778725616115
1.3369924812030076,0,0.40559625879566286,-3.2480935547044987,-7.79869265366917,-3.2422778725616115
1.36203007518797,0,0.4049515414060223,-3.248658537918327,-7.762208336068544,-3.2422778725616115
1.3870676691729324,0,0.4043007423216669,-3.249259783457572,-7.725763248897576,-3.2422778725616115
1.4121052631578948,0,0.40364379214565904,-3.2498983265377093,-7.689358105114567,-3.2422778725616115
1.4371428571428573,0,0.40298062061588663,-3.250575177012046,-7.652993629879765,-3.2422778725616115
1.4621804511278196,0,0.4023111565949376,-3.2512913185548964,-7.616670560753606,-3.2422778725616115
1.487218045112782,0,0.40163532805990637,-3.2520477080530346,-7.580389647897322,-3.2422778725616115
1.5122556390977444,0,0.40095306209214227,-3.2528452749923735,-7.544151654275985,-3.2422778725616115
1.537293233082707,0,0.40026428486695453,-3.253684920998032,-7.507957355864041,-3.2422778725616115
1.5623308270676692,0,0.399568921643261,-3.2545675195094455,-7.471807541854345,-3.2422778725616115
1.5873684210526318,0,0.39886689675319587,-3.255493915468945,-7.4357030148674745,-3.2422778725616115
1.612406015037594,0,0.39815813359167446,-3.256464925124867,-7.399644591165501,-3.2422778725616115
1.6374436090225564,0,0.39744255460594774,-3.2574813359553354,-7.363633100869043,-3.2422778725616115
1.662481203007519,0,0.39672008128500313,-3.25854390657668,-7.327669388171978,-3.2422778725616115
1.6875187969924812,0,0.3959906341491993,-3.2596533667842826,-7.291754311565972,-3.2422778725616115
1.7125563909774437,0,0.39525413273949855,-3.260810417630092,-7.255888744059565,-3.2422778725616115
1.737593984962406,0,0.3945104956070996,-3.2620157315331957,-7.220073573406966,-3.2422778725616115
1.7626315789473685,0,0.3937596403027274,-3.26326995250792,-7.184309702333668,-3.2422778725616115
1.7876691729323309,0,0.39300148336607293,-3.2645736963431027,-7.148598048766923,-3.2422778725616115
1.8127067669172934,0,0.39223594031519476,-3.265927551169708,-7.1129395460680165,-3.2422778725616115
1.8377443609022557,0,0.39146292563593166,-3.2673320764056277,-7.077335143266732,-3.2422778725616115
1.8627819548872182,0,0.39068235277132296,-3.2687878058071287,-7.041785805297954,-3.2422778725616115
1.8878195488721805,0,0.3898941341110539,-3.2702952451241707,-7.00629251324055,-3.2422778725616115
1.912857142857143,0,0.38909818098092064,-3.271854873856373,-6.97085626455797,-3.2422778725616115
1.9378947368421053,0,0.3882944036323297,-3.273467145406395,-6.935478073341254,-3.2422778725616115
1.9629323308270679,0,0.38748271123185385,-3.2751324875116206,-6.90015897055378,-3.2422778725616115
1.9879699248120302,0,0.3866630118507997,-3.276851302711428,-6.86490000427744,-3.2422778725616115
2.0130075187969925,0,0.38583521245496305,-3.2786239688185708,-6.829702239962512,-3.2422778725616115
2.0380451127819548,0,0.3849992188941466,-3.2804508394104346,-6.7945667606744475,-3.2422778725616115
2.063082706766917,0,0.38415493589224936,-3.282332244328098,-6.759494667349817,-3.2422778725616115
2.0881203007518794,0,0.38330226703689746,-3.2842684901848793,-6.7244870790452,-3.2422778725616115
2.113157894736842,0,0.38244111476962916,-3.286259860892035,-6.689545133194837,-3.2422778725616115
2.1381954887218044,0,0.38157138037592164,-3.288306618142719,-6.654669985864368,-3.2422778725616115
2.1632330827067667,0,0.3806929639754763,-3.290409002017077,-6.61986281200905,-3.2422778725616115
2.188270676691729,0,0.37980576451255704,-3.2925672314683867,-6.585124805730332,-3.2422778725616115
2.213308270676692,0,0.37890967974644296,-3.2947815047153273,-6.550457180533913,-3.2422778725616115
2.238345864661654,0,0.37819548943589404,-3.297008251339657,-6.51861001426452,-3.2422778725616115
2.2633834586466164,0,0.3772868567233475,-3.299336501585113,-6.48414489591148,-3.2422778725616115
2.2884210526315787,0,0.37636918300236416,-3.301721250142011,-6.449754944604913,-3.2422778725616115
2.3134586466165414,0,0.37544236558459965,-3.304162617112858,-6.41544146403762,-3.2422778725616115
2.3384962406015037,0,0.3745063006591893,-3.3066607047767733,-6.3812057782316245,-3.2422778725616115
2.363533834586466,0,0.37356088331516635,-3.309215598107897,-6.347049232168986,-3.2422778725616115
2.3885714285714283,0,0.37260600749415146,-3.3118273652541936,-6.3129731914404195,-3.2422778725616115
2.4136090225563906,0,0.3716415659862026,-3.3144960580896186,-6.278979042504021,-3.2422778725616115
2.4386466165413534,0,0.3706674504623986,-3.3172217126716452,-6.245068193433834,-3.2422778725616115
2.4636842105263157,0,0.36968355144718273,-3.3200043497386265,-6.211242073828657,-3.2422778725616115
2.488721804511278,0,0.36868975831085826,-3.3228439751978436,-6.177502134997142,-3.2422778725616115
2.5137593984962403,0,0.3676859592733496,-3.325740580599387,-6.143849850285718,-3.2422778725616115
2.538796992481203,0,0.3666720413967326,-3.328694143590853,-6.110286715246229,-3.2422778725616115
2.5638345864661654,0,0.3656478905830417,-3.3317046284230236,-6.076814247865709,-3.2422778725616115
2.5888721804511277,0,0.3646133915716206,-3.3347719863727394,-6.043433988780228,-3.2422778725616115
2.61390977443609,0,0.36356842793684035,-3.337896156116009,-6.010147501483274,-3.2422778725616115
2.6389473684210527,0,0.36251288208650556,-3.3410770643017775,-5.976956372532198,-3.2422778725616115
2.663984962406015,0,0.3614466352603908,-3.3443146258891687,-5.943862212970144,-3.2422778725616115
2.6890225563909773,0,0.3603695675294246,-3.3476087445878955,-5.910866652391716,-3.2422778725616115
2.7140601503759396,0,0.3592815577959439,-3.350959313302771,-5.877971351390347,-3.2422778725616115
2.7390977443609024,0,0.3581824837946465,-3.3543662143644557,-5.845177989491999,-3.2422778725616115
2.7641353383458647,0,0.3570722220914631,-3.3578293202635274,-5.812488271436631,-3.2422778725616115
2.789172932330827,0,0.35595064808842336,-3.361348493692859,-5.779903926166385,-3.2422778725616115
2.8142105263157893,0,0.3548176360244031,-3.3649235880936663,-5.747426706857456,-3.2422778725616115
2.8392481203007516,0,0.3536730589787389,-3.3685544480011824,-5.715058391296152,-3.2422778725616115
2.8642857142857143,0,0.3525167888753599,-3.3722409093350767,-5.682800781872761,-3.2422778725616115
2.8893233082706766,0,0.3513486964874898,-3.3759827998828253,-5.650655705703961,-3.2422778725616115
2.914360902255639,0,0.35016865144340376,-3.3797799395101715,-5.618625014818448,-3.2422778725616115
2.9393984962406012,0,0.3489765222330894,-3.383632140538352,-5.586710586253932,-3.2422778725616115
2.964436090225564,0,0.34777217621576334,-3.3875392080977553,-5.554914322161462,-3.2422778725616115
2.9894736842105263,0,0.34655547962839445,-3.391500940393131,-5.523238149898431,-3.2422778725616115
3.0145112781954886,0,0.34532629759126915,-3.3955171290420973,-5.491684022065528,-3.2422778725616115
3.039548872180451,0,0.3440844941372437,-3.399587559369886,-5.460253916779442,-3.2422778725616115
3.0645864661654136,0,0.3428299321906734,-3.4037120106853087,-5.428949837364988,-3.2422778725616115
3.089624060150376,0,0.3415624736058839,-3.4078902565747557,-5.397773812676837,-3.2422778725616115
3.1146616541353382,0,0.34028197917544034,-3.4121220651735236,-5.366727897058707,-3.2422778725616115
3.1396992481203005,0,0.3389883086450323,-3.4164071994325016,-5.335814170342558,-3.2422778725616115
3.1647368421052633,0,0.33768132072633744,-3.4207454173768164,-5.305034737800609,-3.2422778725616115
3.1897744360902256,0,0.33636087312077323,-3.425136472357723,-5.274391730177786,-3.2422778725616115
3.214812030075188,0,0.3350268225365079,-3.42958011329691,-5.243887303615807,-3.2422778725616115
3.23984962406015,0,0.3336790247103328,-3.4340760849228307,-5.213523639596901,-3.2422778725616115
3.2648872180451125,0,0.332317334430593,-3.43862412800103,-5.183302944858934,-3.2422778725616115
3.2899248120300753,0,0.33094160556181856,-3.4432239795568393,-5.153227451289593,-3.2422778725616115
3.3149624060150376,0,0.32955169107112553,-3.4478753730917386,-5.123299415798119,-3.2422778725616115
3.34,0,0.3281474430563652,-3.4525780387926015,-5.093521120162595,-3.2422778725616115
3.365037593984962,0,0.3267287127767205,-3.457331703734768,-5.063894870857613,-3.2422778725616115
3.390075187969925,0,0.3252953506844549,-3.4621360920784783,-5.034422998848456,-3.2422778725616115
3.415112781954887,0,0.3256577344557902,-3.4669518744521355,-5.021937613566086,-3.2422778725616115
3.4401503759398495,0,0.32423592125338785,-3.4718582861142235,-4.992968059680218,-3.2422778725616115
3.465187969924812,0,0.3227998837304642,-3.47681453283006,-4.964159355887506,-3.2422778725616115
3.4902255639097746,0,0.32134948384605677,-3.4818203300098354,-4.9355138125500835,-3.2422778725616115
3.515263157894737,0,0.31988458221436494,-3.486875391040378,-4.907033752334015,-3.2422778725616115
3.540300751879699,0,0.31840503940504244,-3.491979427447622,-4.878721521340306,-3.2422778725616115
3.5653383458646615,0,0.3169107153463412,-3.497132149041648,-4.850579482900257,-3.2422778725616115
3.590375939849624,0,0.3154014694904297,-3.5023332640607343,-4.822610018261492,-3.2422778725616115
3.6154135338345865,0,0.3138771608527231,-3.5075824793584944,-4.794815526076384,-3.2422778725616115
3.640451127819549,0,0.3123376480544907,-3.512879500481559,-4.7671984218666426,-3.2422778725616115
3.665488721804511,0,0.31078278936566406,-3.518224031841733,-4.739761137435939,-3.2422778725616115
3.6905263157894734,0,0.3092124427593817,-3.52361577683444,-4.712506120324242,-3.2422778725616115
3.715563909774436,0,0.3076264658443765,-3.529054437966062,-4.685435832216915,-3.2422778725616115
3.7406015037593985,0,0.3060247164543663,-3.5345397169739297,-4.658552754618069,-3.2422778725616115
3.765639097744361,0,0.30440705163328474,-3.5400713149427885,-4.631859369376814,-3.2422778725616115
3.790676691729323,0,0.3027733287871476,-3.545648932417012,-4.605358187008983,-3.2422778725616115
3.815714285714286,0,0.30112340515152886,-3.551272269508765,-4.579051720848703,-3.2422778725616115
3.840751879699248,0,0.2994571380066554,-3.5569410260026815,-4.552942497555635,-3.2422778725616115
3.8657894736842104,0,0.2977743846882168,-3.562654901454443,-4.527033053773492,-3.2422778725616115
3.8908270676691727,0,0.2960750030317513,-3.568413595290012,-4.5013259379589865,-3.2422778725616115
3.9158646616541355,0,0.294358850546101,-3.5742168068971907,-4.475823702722681,-3.2422778725616115
3.940902255639098,0,0.2926257854759536,-3.580064235715328,-4.450528911108779,-3.2422778725616115
3.96593984962406,0,0.2908756663612687,-3.585955581321113,-4.425444131636855,-3.2422778725616115
3.9909774436090224,0,0.28910835224575504,-3.5918905435115644,-4.400571938077209,-3.2422778725616115
4.016015037593985,0,0.2873237027001402,-3.5978688223836865,-4.375914907807644,-3.2422778725616115
4.041052631578947,0,0.2855215781185039,-3.6038901184103658,-4.351475621958501,-3.2422778725616115
4.06609022556391,0,0.2837018394597529,-3.609954132513945,-4.32725666167879,-3.2422778725616115
4.0911278195488725,0,0.28186434869510996,-3.616060566136404,-4.303260609138573,-3.2422778725616115
4.116165413533834,0,0.2800089687139015,-3.6222091213068373,-4.279490044755317,-3.2422778725616115
4.141203007518797,0,0.27813556362158887,-3.6283995007061014,-4.25594754689309,-3.2422778725616115
4.166240601503759,0,0.27624399856146925,-3.6346314077286053,-4.232635688475179,-3.2422778725616115
4.191278195488722,0,0.2743341401342924,-3.640904546577998,-4.209557038581536,-3.2422778725616115
4.2163157894736845,0,0.2724058563804551,-3.6472186221651546,-4.18671415315549,-3.2422778725616115
4.241353383458646,0,0.27045901694062047,-3.6535733404152655,-4.164109586845846,-3.2422778725616115
4.266390977443609,0,0.2684934932295467,-3.6599684081675803,-4.141745877986795,-3.2422778725616115
4.291428571428572,0,0.26650915852114326,-3.6664035332104046,-4.119625553062022,-3.2422778725616115
4.316466165413534,0,0.2645058881707831,-3.6728784243756643,-4.097751123856899,-3.2422778725616115
4.341503759398496,0,0.26248355974612175,-3.679392791575908,-4.076125085091364,-3.2422778725616115
4.366541353383458,0,0.26044205320580793,-3.6859463458444246,-4.054749912726316,-3.2422778725616115
4.391578947368421,0,0.25838125107254023,-3.692538799376206,-4.033628061441415,-3.2422778725616115
4.416616541353384,0,0.25630103865536624,-3.69916986556696,-4.01276196276361,-3.2422778725616115
4.441654135338346,0,0.2542013041793244,-3.7058392590501117,-3.992154022372391,-3.2422778725616115
4.466691729323308,0,0.25208193905999743,-3.7125466957320326,-3.9718066180669265,-3.2422778725616115
4.49172932330827,0,0.24994283808601633,-3.7192918928254333,-3.951722097234347,-3.2422778725616115
4.516766917293233,0,0.24778389964953523,-3.7260745688810455,-3.931902774129129,-3.2422778725616115
4.541804511278196,0,0.24560502599392509,-3.7328944438176057,-3.9123509275175588,-3.2422778725616115
4.566842105263158,0,0.24340612345759713,-3.7397512389502436,-3.8930687978512903,-3.2422778725616115
4.59187969924812,0,0.23630542465299992,-3.7466507283013213,-3.851776931341228,-3.2422778725616115
4.616917293233083,0,0.23397286791689267,-3.753580286808871,-3.8330712502905047,-3.2422778725616115
4.641954887218045,0,0.23161890301797944,-3.7605459478859027,-3.81465127083864,-3.2422778725616115
4.666992481203008,0,0.2292434764729217,-3.767547438317294,-3.7965192397475955,-3.2422778725616115
4.6920300751879696,0,0.2268465427481896,-3.7745844864162796,-3.7786773442493824,-3.2422778725616115
4.717067669172932,0.7531376076069612,0,-3.7816568220435665,-3.7611277085560433,-3.2422778725616115
4.742105263157895,0.7549694982579814,0,-3.7887641766254516,-3.7438723892989794,-3.2422778725616115
4.767142857142857,0.7567833265115695,0,-3.7959062831707238,-3.726913371768907,-3.2422778725616115
4.79218045112782,0.7585792961978391,0,-3.803082876286326,-3.7102525657647574,-3.2422778725616115
4.8172180451127815,0.7603576088869135,0,-3.810293692191883,-3.6938918013061897,-3.2422778725616115
4.842255639097744,0.76211846390474,0,-3.817538468733159,-3.677832824166163,-3.2422778725616115
4.867293233082707,0.7638620583493512,0,-3.824816945430721,-3.6620772913861086,-3.2422778725616115
4.892330827067669,0.7655885871073064,0,-3.8321288633093333,-3.6466267667023913,-3.2422778725616115
4.917368421052632,0.7672982428704549,0,-3.8394739652724237,-3.6314827158416265,-3.2422778725616115
4.942406015037594,0.7689912161530073,0,-3.84685199578854,-3.6166465017673097,-3.2422778725616115
4.967443609022556,0.7706676953087712,0,-3.8542627008753074,-3.6021193795189674,-3.2422778725616115
4.992481203007519,0.7723278665486261,0,-3.8617058284843067,-3.587902491853283,-3.2422778725616115
5.017518796992481,0.7739719139581259,0,-3.869181128093886,-3.5739968634675034,-3.2422778725616115
5.042556390977444,0.7756000195158255,0,-3.876688350922118,-3.560403396523599,-3.2422778725616115
5.067593984962406,0.7772123631103439,0,-3.884227249890542,-3.547122864800592,-3.2422778725616115
5.092631578947368,0.7788091225594814,0,-3.8917975796285544,-3.534155908871074,-3.2422778725616115
5.117669172932331,0.780390473628049,0,-3.8993990964770786,-3.5215030306658965,-3.2422778725616115
5.142706766917294,0.781956590046354,0,-3.907031558491497,-3.509164588036874,-3.2422778725616115
5.1677443609022555,0.7835076433129053,0,-3.9146947254443396,-3.497140789382395,-3.2422778725616115
5.192781954887218,0.7850438037920913,0,-3.9223883588254047,-3.485431688167641,-3.2422778725616115
5.21781954887218,0.7865652385746562,0,-3.930112221845595,-3.4740371774812133,-3.2422778725616115
5.242857142857143,0.7880721136546178,0,-3.937866079434638,-3.4629569844481547,-3.2422778725616115
5.267894736842106,0.7895645928689424,0,-3.9456496982423452,-3.4521906653090357,-3.2422778725616115
5.2929323308270675,0.7910428381321705,0,-3.9534628466375636,-3.4417375988793544,-3.2422778725616115
5.31796992481203,0.7925070094552463,0,-3.9613052947070493,-3.4315969822428354,-3.2422778725616115
5.343007518796992,0.7939572649643768,0,-3.9691768142537276,-3.4217678249082675,-3.2422778725616115
5.368045112781955,0.795393760919848,0,-3.977077178794516,-3.4122489435407983,-3.2422778725616115
5.393082706766918,0.7968166517348929,0,-3.9850061635579657,-3.4030389498267977,-3.2422778725616115
5.4181203007518794,0.7982260899945804,0,-3.9929635454799324,-3.3941362807370288,-3.2422778725616115
5.443157894736842,0.7996222263990604,0,-4.0009491032020446,-3.3855391227804525,-3.2422778725616115
5.468195488721805,0.8010052101596634,0,-4.008962617066341,-3.3772454785582924,-3.2422778725616115
5.493233082706767,0.8023751882630342,0,-4.017003869111075,-3.3692531257964413,-3.2422778725616115
5.5182706766917295,0.803732306244466,0,-4.025072643066789,-3.3615596210662964,-3.2422778725616115
5.543308270676691,0.8050767078291938,0,-4.033168724350624,-3.354162295339485,-3.2422778725616115
5.568345864661654,0.8064085350264367,0,-4.041291900061174,-3.347058250292739,-3.2422778725616115
5.593383458646617,0.8077279281478785,0,-4.049441958972773,-3.340244354861005,-3.2422778725616115
5.618421052631579,0.8090350258261546,0,-4.057618691529521,-3.333717242121881,-3.2422778725616115
5.6434586466165415,0.8103299650331396,0,-4.065821889839004,-3.3274733067909597,-3.2422778725616115
5.668496240601503,0.811612881098267,0,-4.074051347665726,-3.3215087029146253,-3.2422778725616115
5.693533834586466,0.8128839077266793,0,-4.082306860424298,-3.315819342182732,-3.2422778725616115
5.718571428571429,0.8141431770173185,0,-4.0905882251723655,-3.310400892838185,-3.2422778725616115
5.743609022556391,0.8153908194809134,0,-4.098895240603298,-3.305248779081973,-3.2422778725616115
5.7686466165413535,0.8166269640578598,0,-4.107227707038657,-3.300358181203435,-3.2422778725616115
5.793684210526316,0.8178517381359968,0,-4.11558542642045,-3.2957240333061217,-3.2422778725616115
5.818721804511278,0.8190652675682701,0,-4.123968202303178,-3.2913410402772945,-3.2422778725616115
5.843759398496241,0.8202676766902829,0,-4.132375839845702,-3.287203649452618,-3.2422778725616115
5.868796992481203,0.8214590883377325,0,-4.1408081458029145,-3.283306084763951,-3.2422778725616115
5.893834586466165,0.8226396238637107,0,-4.149264928517256,-3.27964233505406,-3.2422778725616115
5.918872180451128,0.823809403155897,0,-4.157745997910059,-3.2762061636176183,-3.2422778725616115
5.94390977443609,0.8249685446521253,0,-4.166251165472751,-3.272991113416699,-3.2422778725616115
5.968947368421053,0.8261171653648095,0,-4.174780244257911,-3.2699905149524424,-3.2422778725616115
5.9939849624060155,0.8272553808785762,0,-4.183333048870188,-3.26719749535036,-3.2422778725616115
6.019022556390977,0.8283833054027621,0,-4.191909395457101,-3.2646049876763894,-3.2422778725616115
6.04406015037594,0.8295010517387732,0,-4.2005091016997405,-3.262205743398211,-3.2422778725616115
6.069097744360902,0.8306087313397573,0,-4.209131986803321,-3.2599923441132357,-3.2422778725616115
6.094135338345865,0.8317064543058962,0,-4.217777871487668,-3.257957216221347,-3.2422778725616115
6.1191729323308275,0.8327943294046523,0,-4.22644657797761,-3.256092647513064,-3.2422778725616115
6.144210526315789,0.8338724640868656,0,-4.235137929993257,-3.254390802887734,-3.2422778725616115
6.169248120300752,0.8349409645024733,0,-4.243851752740234,-3.2528437450184247,-3.2422778725616115
6.194285714285714,0.8359999355165055,0,-4.252587872899818,-3.251443454248197,-3.2422778725616115
6.219323308270677,0.8370494807241465,0,-4.261346118619019,-3.250181851108244,-3.2422778725616115
6.2443609022556394,0.8380897024664681,0,-4.2701263195006085,-3.249050820288761,-3.2422778725616115
6.269398496240601,0.8391207018455965,0,-4.278928306593077,-3.248042236367093,-3.2422778725616115
6.294436090225564,0.8401425787398245,0,-4.287751912380548,-3.2471479914175068,-3.2422778725616115
6.319473684210527,0.8411554318185666,0,-4.296596970772659,-3.2463600237404604,-3.2422778725616115
6.344511278195489,0.8421593585571749,0,-4.305463317094402,-3.2456703472295225,-3.2422778725616115
6.369548872180451,0.8431544552516029,0,-4.314350788075913,-3.2450710846695716,-3.2422778725616115
6.394586466165413,0.844140817032922,0,-4.323259221842258,-3.244554499728306,-3.2422778725616115
6.419624060150376,0.8451185378816886,0,-4.332188457903184,-3.2441130358990926,-3.2422778725616115
6.444661654135339,0.8460877106421694,0,-4.341138337142851,-3.2437393253078426,-3.2422778725616115
6.469699248120301,0.847048427036407,0,-4.3501087018095435,-3.2434262752837517,-3.2422778725616115
6.494736842105263,0.8480007776781497,0,-4.3590993955054,-3.2431670502031515,-3.2422778725616115
6.519774436090225,0.8489448520866222,0,-4.368110263176076,-3.242955134491437,-3.2422778725616115
6.544812030075188,0.8498807387001592,0,-4.377141151100487,-3.2427843594577013,-3.2422778725616115
6.569849624060151,0.8508085248896845,0,-4.386191906880474,-3.242648930949393,-3.2422778725616115
6.594887218045113,0.8517282969720459,0,-4.395262379430524,-3.2425434522163985,-3.2422778725616115
6.619924812030075,0.8528614907260466,0,-4.404352221123684,-3.2426389510667666,-3.2422778725616115
6.644962406015038,0.853760588443115,0,-4.4134616872634265,-3.242532305507568,-3.2422778725616115
6.67,0.8546520373217845,0,-4.422590424352457,-3.242451704902096,-3.2422778725616115
6.695037593984963,0.8555359169621207,0,-4.4317382864671995,-3.2423924231526287,-3.2422778725616115
6.7200751879699245,0.856412306035831,0,-4.440905128944815,-3.242350197056473,-3.2422778725616115
6.745112781954887,0.8572812822973606,0,-4.4500908083730195,-3.2423212536747927,-3.2422778725616115
6.77015037593985,0.8581429225948748,0,-4.459295182579913,-3.2423023076260282,-3.2422778725616115
6.795187969924812,0.858997302881124,0,-4.468518110623864,-3.242290603382429,-3.2422778725616115
6.820225563909775,0.8598444982241954,0,-4.477759452783397,-3.2422838660434743,-3.2422778725616115
6.8452631578947365,0.8615437250724338,0,-4.487016011906146,-3.242290035266745,-3.2422778725616115
6.870300751879699,0.8623617536115658,0,-4.496293865517616,-3.242282780450192,-3.2422778725616115
6.895338345864662,0.8631730925665825,0,-4.505589718127567,-3.242279460290557,-3.2422778725616115
6.920375939849624,0.8639778084152292,0,-4.514903434898935,-3.2422782369201357,-3.2422778725616115
6.945413533834587,0.864775966897774,0,-4.524234882161379,-3.2422779174812204,-3.2422778725616115
6.970451127819549,0.865567633025464,0,-4.533583927401507,-3.242277874010111,-3.2422778725616115
6.995488721804511,0.8663528710888923,0,-4.5429504392531115,-3.242277872561805,-3.2422778725616115
7.020526315789474,0.8671317446662747,0,-4.552334287487498,-3.2422778725351473,-3.2422778725616115
7.045563909774436,0.8679043166316368,0,-4.561735343003809,-3.242277864550546,-3.2422778725616115
7.0706015037593986,0.8686706491629164,0,-4.571153477819397,-3.2422777807615315,-3.2422778725616115
7.095639097744361,0.8694308037499741,0,-4.580588565060269,-3.2422774316414156,-3.2422778725616115
7.120676691729323,0.870184841202519,0,-4.590040478951559,-3.242276504801049,-3.2422778725616115
7.145714285714286,0.8709328216579506,0,-4.59950909480803,-3.2422746000495595,-3.2422778725616115
7.170751879699249,0.8709908356657647,0,-4.608996299453114,-3.2422766805719596,-3.2422778725616115
7.1957894736842105,0.871738695044859,0,-4.618497885964725,-3.2422755068554068,-3.2422778725616115
7.220827067669173,0.8724804585923239,0,-4.6280158088852055,-3.2422736364251437,-3.2422778725616115
7.245864661654135,0.8732161878733425,0,-4.637549947726618,-3.2422708751637415,-3.2422778725616115
7.270902255639098,0.8739459437429807,0,-4.647100183046246,-3.2422670494533437,-3.2422778725616115
7.295939849624061,0.8746697863548746,0,-4.6566663964373625,-3.2422620137279132,-3.2422778725616115
7.3209774436090225,0.8753877751698139,0,-4.666248470520042,-3.2422556550845507,-3.2422778725616115
7.346015037593985,0.8760999689642249,0,-4.675846288932028,-3.242247917087123,-3.2422778725616115
7.371052631578947,0.8768064258385583,0,-4.685459736319665,-3.2422387941810826,-3.2422778725616115
7.39609022556391,0.8773955769478421,0,-4.6950887532060985,-3.242260622375192,-3.2422778725616115
7.421127819548873,0.8780931315403369,0,-4.704733114279316,-3.2422565623758492,-3.2422778725616115
7.446165413533834,0.8787850654710581,0,-4.714392764318713,-3.2422523734117115,-3.2422778725616115
7.471203007518797,0.8794714354768759,0,-4.72406759191181,-3.242248301111602,-3.2422778725616115
7.49624060150376,0.8801522976293754,0,-4.733757486610434,-3.2422446589139553,-3.2422778725616115
7.521278195488722,0.8808277073433545,0,-4.743462338922008,-3.2422418264469286,-3.2422778725616115
7.5463157894736845,0.8814977193852239,0,-4.753182040300895,-3.2422402498143637,-3.2422778725616115
7.571353383458646,0.8821623878812915,0,-4.762916483139805,-3.24224044551867,-3.2422778725616115
7.596390977443609,0.8828217663259431,0,-4.772665560761275,-3.2422429965150075,-3.2422778725616115
7.621428571428572,0.8834759075897156,0,-4.782429167409196,-3.2422485510278376,-3.2422778725616115
7.646466165413534,0.884124863927266,0,-4.792207198240421,-3.2422578235398265,-3.2422778725616115
7.6715037593984965,0.8847686869852369,0,-4.801999549316421,-3.2422715757456495,-3.2422778725616115
7.696541353383458,0.8854074278100195,0,-4.811806117595013,-3.242290646151888,-3.2422778725616115
7.721578947368421,0.8860411368554159,0,-4.821626800922148,-3.242315913985493,-3.2422778725616115
7.746616541353384,0.8866698639901979,0,-4.831461498023772,-3.242348311388339,-3.2422778725616115
7.771654135338346,0.8872936585055751,0,-4.841310108497723,-3.242388801874175,-3.2422778725616115
7.7966917293233085,0.8879125691225564,0,-4.851172532805732,-3.242438449160981,-3.2422778725616115
7.821729323308271,0.8885266439992194,0,-4.86104867226546,-3.2424982677820733,-3.2422778725616115
7.846766917293233,0.8891359307378833,0,-4.870938429042608,-3.2425693634840846,-3.2422778725616115
7.871804511278196,0.8897404763921886,0,-4.880841706143082,-3.242652858121544,-3.2422778725616115
7.896842105263158,0.8903403274740818,0,-4.8907584074052455,-3.242749898569466,-3.2422778725616115
7.92187969924812,0.8909355299607105,0,-4.900688437492198,-3.242861653724845,-3.2422778725616115
7.946917293233083,0.8915261293012238,0,-4.910631701884153,-3.2429893096352735,-3.2422778725616115
7.971954887218045,0.8921121704234877,0,-4.920588106870863,-3.2431340677642253,-3.2422778725616115
7.996992481203008,0.8926936977407083,0,-4.9305575595441145,-3.243297139323878,-3.2422778725616115
8.02203007518797,0.8932707551579677,0,-4.940539967790265,-3.243479743116058,-3.2422778725616115
8.047067669172932,0.8938433860786743,0,-4.950535240282875,-3.2436831018378744,-3.2422778725616115
8.072105263157894,0.8944116334109308,0,-4.96054328647539,-3.2439084391951636,-3.2422778725616115
8.097142857142858,0.8949755395738074,0,-4.970564016593864,-3.244156976911554,-3.2422778725616115
8.12218045112782,0.8955351465035444,0,-4.980597341642346,-3.2444299321288605,-3.2422778725616115
8.147218045112782,0.8960904956596661,0,-4.990643173332957,-3.244728514712276,-3.2422778725616115
8.172255639097745,0.8966416280310116,0,-5.000701424204363,-3.245053925024356,-3.2422778725616115
8.197293233082707,0.8971885841416901,0,-5.010772007549074,-3.2454073515901594,-3.2422778725616115
8.222330827067669,0.8977314040569537,0,-5.0208548372291135,-3.2457899692026344,-3.2422778725616115
8.247368421052633,0.8982701273889939,0,-5.030949828017979,-3.2462029369449343,-3.2422778725616115
8.272406015037594,0.8988047933026597,0,-5.041056895294689,-3.246647396542367,-3.2422778725616115
8.297443609022556,0.8993354405210996,0,-5.051175955328151,-3.247124470775096,-3.2422778725616115
8.322481203007518,0.8998621073313292,0,-5.061306924923448,-3.2476352620714195,-3.2422778725616115
8.347518796992482,0.9003848315896161,0,-5.071449721647367,-3.2481808512364925,-3.2422778725616115
8.372556390977444,0.9009036507274398,0,-5.081604263763557,-3.2487622963175284,-3.2422778725616115
8.397593984962406,0.9014186017557586,0,-5.091770470226011,-3.2493806315880747,-3.2422778725616115
8.42263157894737,0.901929721271365,0,-5.101948260672616,-3.250036866669583,-3.2422778725616115
8.447669172932331,0.9024370454609082,0,-5.112137555418723,-3.250731985711562,-3.2422778725616115
8.472706766917293,0.9029406101093582,0,-5.122338275450819,-3.251466946817157,-3.2422778725616115
8.497744360902256,0.9034404505986323,0,-5.132550342420247,-3.252242681371787,-3.2422778725616115
8.522781954887218,0.9039366019190354,0,-5.142773678636952,-3.2530600936851277,-3.2422778725616115
8.54781954887218,0.904429098670973,0,-5.15300820706332,-3.2539200604083587,-3.2422778725616115
8.572857142857144,0.9049179750704617,0,-5.1632538513080775,-3.2548234305794184,-3.2422778725616115
8.597894736842106,0.9054032649539315,0,-5.17351053562021,-3.2557710250808616,-3.2422778725616115
8.622932330827068,0.9058850017829643,0,-5.183778184882976,-3.2567636366462893,-3.2422778725616115
8.64796992481203,0.9063632186489673,0,-5.194056724607951,-3.2578020297776136,-3.2422778725616115
8.673007518796993,0.9068379482777856,0,-5.204346080929148,-3.2588869407087997,-3.2422778725616115
8.698045112781955,0.907309223034252,0,-5.214646180597178,-3.2600190774517253,-3.2422778725616115
8.723082706766917,0.9077770749266787,0,-5.224956950973466,-3.261199119905693,-3.2422778725616115
8.74812030075188,0.9082415356112836,0,-5.235278320024538,-3.2624277201123895,-3.2422778725616115
8.773157894736842,0.9087026363965635,0,-5.245610216316333,-3.263705501620788,-3.2422778725616115
8.798195488721804,0.9091604082476051,0,-5.25595256900861,-3.2650330622302164,-3.2422778725616115
8.823233082706768,0.90961488179034,0,-5.2663053078525675,-3.2664109702930912,-3.2422778725616115
8.84827067669173,0.9100660873157417,0,-5.2766683631725035,-3.2678397684657265,-3.2422778725616115
8.873308270676691,0.9105140547839674,0,-5.287041665876445,-3.2693199724907824,-3.2422778725616115
8.898345864661655,0.9109588138284451,0,-5.297425147450653,-3.27085207183123,-3.2422778725616115
8.923383458646617,0.9114003937599047,0,-5.3078187399383125,-3.272436530069705,-3.2422778725616115
8.948421052631579,0.9118388235703564,0,-5.318222375947013,-3.274073785315988,-3.2422778725616115
8.97345864661654,0.9122741319370159,0,-5.328635988640315,-3.27576425063623,-3.2422778725616115
8.998496240601504,0.9127063472261758,0,-5.339059511732529,-3.277508314497037,-3.2422778725616115
9.023533834586466,0.9131354974970292,0,-5.349492879483583,-3.2793063412276267,-3.2422778725616115
9.048571428571428,0.9135616105054367,0,-5.359936026693903,-3.281158671492545,-3.2422778725616115
9.073609022556392,0.9139847137076498,0,-5.370388888699375,-3.283065622774165,-3.2422778725616115
9.098646616541354,0.9144048342639768,0,-5.380851401366343,-3.2850274898664322,-3.2422778725616115
9.123684210526315,0.9148219990424116,0,-5.3913235010866405,-3.287044545375774,-3.2422778725616115
9.148721804511279,0.9152362346221998,0,-5.401805124772702,-3.2891170402273384,-3.2422778725616115
9.173759398496241,0.9156475672973602,0,-5.412296209852693,-3.2912452041975517,-3.2422778725616115
9.198796992481203,0.916056023080195,0,-5.422796694265698,-3.293429246277045,-3.2422778725616115
9.223834586466166,0.9164616277046663,0,-5.433306516456975,-3.2956693555107184,-3.2422778725616115
9.248872180451128,0.9168644066298373,0,-5.44382561537321,-3.2979657011739207,-3.2422778725616115
9.27390977443609,0.9172643850431869,0,-5.454353930459155,-3.3003184334600486,-3.2422778725616115
9.298947368421052,0.9176615878639135,0,-5.464891401647841,-3.3027276839583455,-3.2422778725616115
9.323984962406016,0.9180560397461907,0,-5.475437969363723,-3.305193566164883,-3.2422778725616115
9.349022556390977,0.9184477650823756,0,-5.485993574511703,-3.307716175992189,-3.2422778725616115
9.37406015037594,0.9188367880061804,0,-5.496558158479122,-3.3102955922636874,-3.2422778725616115
9.399097744360903,0.9192231323957968,0,-5.5071316631235065,-3.312931877218745,-3.2422778725616115
9.424135338345865,0.9196068218769818,0,-5.517714030773378,-3.315625077026345,-3.2422778725616115
9.449172932330827,0.9200082756156432,0,-5.528305201992273,-3.3182092348065,-3.2422778725616115
9.47421052631579,0.9203863280629258,0,-5.538905124577013,-3.3210211963345353,-3.2422778725616115
9.499248120300752,0.9207618032366209,0,-5.549513739924479,-3.3238900294625227,-3.2422778725616115
9.524285714285714,0.9211347236023384,0,-5.560130992198891,-3.3268157202502815,-3.2422778725616115
9.549323308270678,0.9215051113922058,0,-5.570756826013475,-3.32979823979837,-3.2422778725616115
9.57436090225564,0.921872988607619,0,-5.581391186423535,-3.332837546529512,-3.2422778725616115
9.599398496240601,0.9222383770219601,0,-5.592034018926514,-3.3359335863553206,-3.2422778725616115
9.624436090225563,0.9226012981832774,0,-5.602685269455139,-3.339086293071493,-3.2422778725616115
9.649473684210527,0.9229617734169345,0,-5.613344884373403,-3.3422955887522736,-3.2422778725616115
9.674511278195489,0.923319823828221,0,-5.624012810475808,-3.3455613841682497,-3.2422778725616115
9.69954887218045,0.9236754703049349,0,-5.6346889949774805,-3.3488835791848404,-3.2422778725616115
9.724586466165414,0.92402873351988,0,-5.645373385515653,-3.3522620631553823,-3.2422778725616115
9.749624060150376,0.9243796339335814,0,-5.656065930143666,-3.3556967153045876,-3.2422778725616115
9.774661654135338,0.9247281917965097,0,-5.666766577326642,-3.359187405104679,-3.2422778725616115
9.799699248120302,0.9250744271509405,0,-5.677475275938059,-3.3627339926432764,-3.2422778725616115
9.824736842105263,0.9254183598333103,0,-5.688191975257989,-3.366336328983282,-3.2422778725616115
9.849774436090225,0.9257600094841337,0,-5.698916624966087,-3.3699942565145005,-3.2422778725616115
9.874812030075189,0.926099395521963,0,-5.70964917513963,-3.3737076092973273,-3.2422778725616115
9.89984962406015,0.9264365372115937,0,-5.720389576250358,-3.3774762134029483,-3.2422778725616115
9.924887218045113,0.9267714535910178,0,-5.73113777916004,-3.3812998872198445,-3.2422778725616115
9.949924812030076,0.9271041634828576,0,-5.741893735116687,-3.385178441812238,-3.2422778725616115
9.974962406015038,0.9274346855572637,0,-5.752657395751639,-3.389111681193307,-3.2422778725616115
10.0,0.9277630382818282,0,-5.763428713075832,-3.393099402650776,-3.2422778725616115
