0.01,0,0.2865980245563819,-3.2422778725617087,-4.373915527064728,-3.2422778725616115
0.03503759398496241,0,0.28481607287395083,-3.2422778725860306,-4.349647449456264,-3.2422778725616115
0.060075187969924816,0,0.2830154738305927,-3.2422778723039873,-4.3255884575614125,-3.2422778725616115
0.08511278195488721,0,0.2811961553341273,-3.242277867970523,-4.301741890772635,-3.2422778725616115
0.11015037593984962,0,0.27935804045258994,-3.242277846719745,-4.278111022265386,-3.2422778725616115
0.13518796992481205,0,0.2775010481248174,-3.2422777747529783,-4.254699064301676,-3.2422778725616115
0.16022556390977444,0,0.27562509381976735,-3.2422776031344416,-4.2315091728294485,-3.2422778725616115
0.18526315789473685,0,0.27373009009680194,-3.242277259199876,-4.208544450950102,-3.2422778725616115
0.21030075187969927,0,0.2718159471662483,-3.242276669765259,-4.185807952043492,-3.2422778725616115
0.23533834586466168,0,0.2698825734079015,-3.2422757314486765,-4.163302682345852,-3.2422778725616115
0.2603759398496241,0,0.2679298757712416,-3.2422743225609403,-4.141031602368782,-3.2422778725616115
0.2854135338345865,0,0.2659577602773977,-3.2422723608303166,-4.118997628730715,-3.2422778725616115
0.31045112781954887,0,0.26396613238408057,-3.242269754369185,-4.0972036348832646,-3.2422778725616115
0.3354887218045113,0,0.2619548974505589,-3.242266458186068,-4.075652451952041,-3.2422778725616115
0.3605263157894737,0,0.2563829179738674,-3.242272035891271,-4.035141799814238,-3.2422778725616115
0.3855639097744361,0,0.25424489878502854,-3.2422702915788135,-4.013959348608041,-3.2422778725616115
0.4106015037593985,0,0.2520860511538047,-3.2422684371454067,-3.993038214687967,-3.2422778725616115
0.43563909774436094,0,0.2499062734806282,-3.2422666020322306,-3.972381125669447,-3.2422778725616115
0.46067669172932335,0,0.24770546819250694,-3.242265025398716,-3.9519907742519633,-3.2422778725616115
0.48571428571428577,0,0.24548354210620707,-3.2422639234268633,-3.9318698157745096,-3.2422778725616115
0.5107518796992482,0,0.24324040677142128,-3.2422636300437406,-3.912020865670309,-3.2422778725616115
0.5357894736842106,0,0.24097597882733865,-3.2422645324502564,-3.8924464967528705,-3.2422778725616115
0.560827067669173,0,0.2365899530103849,-3.242285662695555,-3.8634423485599902,-3.2422778725616115
0.5858646616541354,0,0.2342263139255317,-3.242293083091187,-3.8443645332026444,-3.2422778725616115
0.6109022556390977,0,0.23184026116756953,-3.2423033805725763,-3.825574059456862,-3.2422778725616115
0.6359398496240601,0,0.22943173498125777,-3.242317184753455,-3.8070734312053247,-3.2422778725616115
0.6609774436090226,0,0.22700068440593954,-3.242335186332682,-3.788865095300076,-3.2422778725616115
0.686015037593985,0,0.22454706781728107,-3.2423581367413923,-3.7709514374560307,-3.2422778725616115
0.7110526315789474,0,0.22207085350694072,-3.24238684543157,-3.753334778067783,-3.2422778725616115
0.7360902255639098,0,0.219572020278856,-3.2424221765390997,-3.73601736786423,-3.2422778725616115
0.7611278195488722,0,0.21705055807866175,-3.2424650457649644,-3.71900138343015,-3.2422778725616115
0.7861654135338346,0,0.21450646864796724,-3.24251641706871,-3.702288922575021,-3.2422778725616115
0.811203007518797,0,0.21193976622224295,-3.2425772975254987,-3.685881999649255,-3.2422778725616115
0.8362406015037595,0,0.20935047823300368,-3.2426487345544612,-3.6697825404046034,-3.2422778725616115
0.8612781954887219,0,0.20673864607768327,-3.2427318113322503,-3.6539923773843275,-3.2422778725616115
0.8863157894736843,0,0.20410432590254757,-3.242827642793607,-3.638513244384207,-3.2422778725616115
0.9113533834586467,0,0.2014475894298326,-3.242937371326377,-3.623346771346325,-3.2422778725616115
0.9363909774436091,0,0.19876852482174784,-3.2430621628543226,-3.608494478907617,-3.2422778725616115
0.9614285714285715,0,0.1960672375869828,-3.2432032028396716,-3.5939577728722862,-3.2422778725616115
0.9864661654135339,0,0.1933438515293849,-3.243361692032424,-3.5797379385639214,-3.2422778725616115
1.0115037593984963,0,0.19059850973383233,-3.243538843767912,-3.565836135045797,-3.2422778725616115
1.0365413533834587,0,0.18783137563467833,-3.2437358788878585,-3.55225338934849,-3.2422778725616115
1.0615789473684212,0,0.18504263393813686,-3.2439540239106024,-3.538990590031196,-3.2422778725616115
1.0866165413533835,0,0.18223249235309213,-3.2441945060856425,-3.5260484828341614,-3.2422778725616115
1.111654135338346,0,0.17940118168621638,-3.244458552055872,-3.513427661421056,-3.2422778725616115
1.1366917293233083,0,0.17654895816625205,-3.2447473836715397,-3.501128564261332,-3.2422778725616115
1.1617293233082708,0,0.1736761042034797,-3.2450622158109113,-3.4891514668264745,-3.2422778725616115
1.1867669172932331,0,0.17078292987461946,-3.2454042589186733,-3.477496475636908,-3.2422778725616115
1.2118045112781954,0,0.16786977434849498,-3.245774691363558,-3.4661635219343374,-3.2422778725616115
1.236842105263158,0,0.1649370073795572,-3.2461747077250793,-3.455152355344327,-3.2422778725616115
1.2618796992481203,0,0.16198503086120772,-3.2466054664385973,-3.444462537528249,-3.2422778725616115
1.2869172932330828,0,0.15901428048063726,-3.2470681131673085,-3.4340934359271333,-3.2422778725616115
1.311954887218045,0,0.15602522740948818,-3.2475637741480887,-3.4240442174559425,-3.2422778725616115
1.3369924812030076,0,0.15301837981043503,-3.2480935547044987,-3.414313841753895,-3.2422778725616115
1.36203007518797,0,0.14999428615488003,-3.248658537918327,-3.4049010580136962,-3.2422778725616115
1.3870676691729324,0,0.14695353426255015,-3.249259783457572,-3.3958043931241173,-3.2422778725616115
1.4121052631578948,0,0.14389675621286938,-3.2498983265377093,-3.387022151653331,-3.2422778725616115
1.4371428571428573,0,0.14082462919141592,-3.250575177012046,-3.378552407577268,-3.2422778725616115
1.4621804511278196,0,0.13773787765370746,-3.2512913185548964,-3.370392998873524,-3.2422778725616115
1.487218045112782,0,0.13463727600595746,-3.2520477080530346,-3.362541522653582,-3.2422778725616115
1.5122556390977444,0,0.13152365079486353,-3.2528452749923735,-3.35499533054735,-3.2422778725616115
1.537293233082707,0,0.1283978833115155,-3.253684920998032,-3.3477515236282036,-3.2422778725616115
1.5623308270676692,0,0.12526091219131413,-3.2545675195094455,-3.3408069485229532,-3.2422778725616115
1.5873684210526318,0,0.12211373613724616,-3.255493915468945,-3.3341581935348716,-3.2422778725616115
1.612406015037594,0,0.11895741662933937,-3.256464925124867,-3.3278015853180842,-3.2422778725616115
1.6374436090225564,0,0.1157930815423838,-3.2574813359553354,-3.321733186864387,-3.2422778725616115
1.662481203007519,0,0.11262192686004704,-3.25854390657668,-3.315948793649901,-3.2422778725616115
1.6875187969924812,0,0.1094452211800956,-3.2596533667842826,-3.3104439338415603,-3.2422778725616115
1.7125563909774437,0,0.10626430837897194,-3.260810417630092,-3.3052138666701794,-3.2422778725616115
1.737593984962406,0,0.10308061104053272,-3.2620157315331957,-3.300253582446992,-3.2422778725616115
1.7626315789473685,0,0.09989563344879836,-3.26326995250792,-3.2955577998580066,-3.2422778725616115
1.7876691729323309,0,0.09671096845436371,-3.2645736963431027,-3.2911209860129276,-3.2422778725616115
1.8127067669172934,0,0.09352829465058472,-3.265927551169708,-3.2869373224328875,-3.2422778725616115
1.8377443609022557,0,0.09034938638612532,-3.2673320764056277,-3.2830007452620134,-3.2422778725616115
1.8627819548872182,0,0.08717611505089118,-3.2687878058071287,-3.2793049323846986,-3.2422778725616115
1.8878195488721805,0,0.08401045332986036,-3.2702952451241707,-3.27584331294843,-3.2422778725616115
1.912857142857143,0,0.08085447924399695,-3.271854873856373,-3.2726090747825287,-3.2422778725616115
1.9378947368421053,0.36951036500227086,0,-3.273467145406395,-3.269595173417234,-3.2422778725616115
1.9629323308270679,0.37512795964933476,0,-3.2751324875116206,-3.266794342292984,-3.2422778725616115
1.9879699248120302,0.3807007359636945,0,-3.276851302711428,-3.264199104294895,-3.2422778725616115
2.0130075187969925,0.38622837129217913,0,-3.2786239688185708,-3.2618017861522217,-3.2422778725616115
2.0380451127819548,0.39171058662052705,0,-3.2804508394104346,-3.2595945324598268,-3.2422778725616115
2.063082706766917,0.3971471441524432,0,-3.282332244328098,-3.2575693234743723,-3.2422778725616115
2.0881203007518794,0.40253784501185996,0,-3.2842684901848793,-3.2557179930673494,-3.2422778725616115
2.113157894736842,0.40788252706171335,0,-3.286259860892035,-3.254032249854835,-3.2422778725616115
2.1381954887218044,0.4131810628321943,0,-3.288306618142719,-3.252503699399773,-3.2422778725616115
2.1632330827067667,0.41843335755585653,0,-3.290409002017077,-3.2511238684112396,-3.2422778725616115
2.188270676691729,0.4236393473037287,0,-3.2925672314683867,-3.249884231154063,-3.2422778725616115
2.213308270676692,0.4287989971961039,0,-3.2947815047153273,-3.2487762372381854,-3.2422778725616115
2.238345864661654,0.4389905986952794,0,-3.297008251339657,-3.249112953413335,-3.2422778725616115
2.2633834586466164,0.4439534312492459,0,-3.299336501585113,-3.2480953407398587,-3.2422778725616115
2.2884210526315787,0.44887116642082603,0,-3.301721250142011,-3.2471930484235525,-3.2422778725616115
2.3134586466165414,0.45374390734617875,0,-3.304162617112858,-3.2463979614477325,-3.2422778725616115
2.3384962406015037,0.4585717750466869,0,-3.3066607047767733,-3.2457020370653904,-3.2422778725616115
2.363533834586466,0.46335490730861495,0,-3.309215598107897,-3.245097337871818,-3.2422778725616115
2.3885714285714283,0.468093457635583,0,-3.3118273652541936,-3.2445760649669504,-3.2422778725616115
2.4136090225563906,0.4727875942206348,0,-3.3144960580896186,-3.2441305922039945,-3.2422778725616115
2.4386466165413534,0.47743749902199284,0,-3.3172217126716452,-3.243753501717475,-3.2422778725616115
2.4636842105263157,0.4820433668496354,0,-3.3200043497386265,-3.243437619531683,-3.2422778725616115
2.488721804511278,0.48660540453093615,0,-3.3228439751978436,-3.2431760507262695,-3.2422778725616115
2.5137593984962403,0.49112383006913185,0,-3.325740580599387,-3.24296221570731,-3.2422778725616115
2.538796992481203,0.49559887196068375,0,-3.328694143590853,-3.2427898858484165,-3.2422778725616115
2.5638345864661654,0.500030768356384,0,-3.3317046284230236,-3.2426532103940406,-3.2422778725616115
2.5888721804511277,0.50441976643753,0,-3.3347719863727394,-3.2425467396679815,-3.2422778725616115
2.61390977443609,0.5087661219624743,0,-3.337896156116009,-3.242465509986675,-3.2422778725616115
2.6389473684210527,0.5130700981760691,0,-3.3410770643017775,-3.242404949997878,-3.2422778725616115
2.663984962406015,0.5173319657205783,0,-3.3443146258891687,-3.2423610025882805,-3.2422778725616115
2.6890225563909773,0.5215520018427462,0,-3.3476087445878955,-3.2423300968052864,-3.2422778725616115
2.7140601503759396,0.5257304899238748,0,-3.350959313302771,-3.242309153410972,-3.2422778725616115
2.7390977443609024,0.5298677189884257,0,-3.3543662143644557,-3.242295567563856,-3.2422778725616115
2.7641353383458647,0.5339639832390296,0,-3.3578293202635274,-3.2422872059574903,-3.2422778725616115
2.789172932330827,0.5380195816157664,0,-3.361348493692859,-3.242282383870789,-3.2422778725616115
2.8142105263157893,0.5420348173789521,0,-3.3649235880936663,-3.242279827206584,-3.2422778725616115
2.8392481203007516,0.5460099977140629,0,-3.3685544480011824,-3.242278609442038,-3.2422778725616115
2.8642857142857143,0.5499454333577087,0,-3.3722409093350767,-3.242278102829368,-3.2422778725616115
2.8893233082706766,0.5538414382428877,0,-3.3759827998828253,-3.242277928901523,-3.2422778725616115
2.914360902255639,0.5576983291635287,0,-3.3797799395101715,-3.2422778817145677,-3.2422778725616115
2.9393984962406012,0.5615164254575675,0,-3.383632140538352,-3.2422778733565094,-3.2422778725616115
2.964436090225564,0.5652960487028035,0,-3.3875392080977553,-3.242277872590328,-3.2422778725616115
2.9894736842105263,0.569037522406634,0,-3.391500940393131,-3.2422778725616292,-3.2422778725616115
3.0145112781954886,0.5727411718810101,0,-3.3955171290420973,-3.2422778725617687,-3.2422778725616115
3.039548872180451,0.576407323690119,0,-3.399587559369886,-3.242277872586721,-3.2422778725616115
3.0645864661654136,0.5800363057071197,0,-3.4037120106853087,-3.2422778724691352,-3.2422778725616115
3.089624060150376,0.5836284467350862,0,-3.4078902565747557,-3.2422778699670323,-3.2422778725616115
3.1146616541353382,0.5871840763198927,0,-3.4121220651735236,-3.242277856023601,-3.2422778725616115
3.1396992481203005,0.5907035245313084,0,-3.4164071994325016,-3.2422778052817645,-3.2422778725616115
3.1647368421052633,0.5941871218206014,0,-3.4207454173768164,-3.2422776812628005,-3.2422778725616115
3.1897744360902256,0.5976351987804903,0,-3.425136472357723,-3.2422774283745146,-3.2422778725616115
3.214812030075188,0.6010480859475227,0,-3.42958011329691,-3.242276990165344,-3.2422778725616115
3.23984962406015,0.6044261137286046,0,-3.4340760849228307,-3.2422762854180753,-3.2422778725616115
3.2648872180451125,0.6077696121764651,0,-3.43862412800103,-3.24227523456024,-3.2422778725616115
3.2899248120300753,0.6110789108780099,0,-3.4432239795568393,-3.242273761522465,-3.2422778725616115
3.3149624060150376,0.6143543387765323,0,-3.4478753730917386,-3.242271823463974,-3.2422778725616115
3.34,0.6175962240760593,0,-3.4525780387926015,-3.2422693908441858,-3.2422778725616115
3.365037593984962,0.6208048940974251,0,-3.457331703734768,-3.2422664746444565,-3.2422778725616115
3.390075187969925,0.6239806751848619,0,-3.4621360920784783,-3.242263130476647,-3.2422778725616115
3.415112781954887,0.6311531392583722,0,-3.4669518744521355,-3.2422256989640563,-3.2422778725616115
3.4401503759398495,0.6302348702395011,0,-3.471895922172787,-3.2422556383394774,-3.2422778725616115
3.465187969924812,0.6333139309502172,0,-3.4768507993516207,-3.242251877802952,-3.2422778725616115
3.4902255639097746,0.6363613960093033,0,-3.4818552711392945,-3.2422484721583515,-3.2422778725616115
3.515263157894737,0.6393775846357707,0,-3.486909049859506,-3.242245780199995,-3.2422778725616115
3.540300751879699,0.6423628168524685,0,-3.492011845961942,-3.242244225978408,-3.2422778725616115
3.5653383458646615,0.6453174077395658,0,-3.497163368207734,-3.2422443031899175,-3.2422778725616115
3.590375939849624,0.6482416725277578,0,-3.5023633237960103,-3.2422465752946987,-3.2422778725616115
3.6154135338345865,0.6511359244541066,0,-3.5076114185045943,-3.2422516707608864,-3.2422778725616115
3.640451127819549,0.6540004748100622,0,-3.512907356861761,-3.242260282636711,-3.2422778725616115
3.665488721804511,0.6568356329850349,0,-3.5182508422496617,-3.2422731657749644,-3.2422778725616115
3.6905263157894734,0.6596417064129089,0,-3.523641577049328,-3.242291133409973,-3.2422778725616115
3.715563909774436,0.6624190005165187,0,-3.52907926276543,-3.2423150541637566,-3.2422778725616115
3.7406015037593985,0.6651678186645464,0,-3.5345636001473415,-3.242345847625463,-3.2422778725616115
3.765639097744361,0.667888462125166,0,-3.5400942893064062,-3.2423844812435827,-3.2422778725616115
3.790676691729323,0.6705812300255757,0,-3.5456710298289296,-3.2424319662681045,-3.2422778725616115
3.815714285714286,0.6732464193141885,0,-3.551293520885026,-3.242489349805941,-3.2422778725616115
3.840751879699248,0.6758843247257864,0,-3.556961461333744,-3.24255771936508,-3.2422778725616115
3.8657894736842104,0.6784952387494945,0,-3.5626745498228125,-3.2426381897055347,-3.2422778725616115
3.8908270676691727,0.6810794515983737,0,-3.5684324848871136,-3.2427319033814705,-3.2422778725616115
3.9158646616541355,0.6836372511880687,0,-3.5742349650413114,-3.242840025627279,-3.2422778725616115
3.940902255639098,0.6861689231016705,0,-3.580081688870503,-3.2429637407094534,-3.2422778725616115
3.96593984962406,0.6886747505771768,0,-3.585972355114733,-3.243104247921279,-3.2422778725616115
3.9909774436090224,0.6911550144855598,0,-3.591906662753674,-3.2432627582114995,-3.2422778725616115
4.016015037593985,0.6936099933195643,0,-3.5978843110851924,-3.243440490496123,-3.2422778725616115
4.041052631578947,0.6960399631532566,0,-3.6039049998021824,-3.2436386684651373,-3.2422778725616115
4.06609022556391,0.6984451976603051,0,-3.609968429065646,-3.2438585179720976,-3.2422778725616115
4.0911278195488725,0.7008259680842577,0,-3.616074299575124,-3.244101261489676,-3.2422778725616115
4.116165413533834,0.7031825432323191,0,-3.6222223126360924,-3.2443681205646495,-3.2422778725616115
4.141203007518797,0.7055151894669456,0,-3.6284121702243013,-3.244660307884049,-3.2422778725616115
4.166240601503759,0.7078241706992604,0,-3.6346435750478534,-3.2449790277157486,-3.2422778725616115
4.191278195488722,0.7101097483838261,0,-3.640916230624975,-3.2453254728441165,-3.2422778725616115
4.2163157894736845,0.7123721815146241,0,-3.6472298412865185,-3.2457008227540585,-3.2422778725616115
4.241353383458646,0.714611726622904,0,-3.6535841122244275,-3.2461062415610633,-3.2422778725616115
4.266390977443609,0.7168286377761897,0,-3.6599787497247602,-3.246542876321679,-3.2422778725616115
4.291428571428572,0.7190231665780349,0,-3.66641346097129,-3.247011855439093,-3.2422778725616115
4.316466165413534,0.7211955621708376,0,-3.6728879542139996,-3.2475142872049663,-3.2422778725616115
4.341503759398496,0.7233460712367926,0,-3.6794019388035983,-3.2480512585035384,-3.2422778725616115
4.366541353383458,0.7254749379993184,0,-3.685955125228359,-3.248623833644741,-3.2422778725616115
4.391578947368421,0.7275824042351051,0,-3.6925472251547253,-3.249233053328874,-3.2422778725616115
4.416616541353384,0.7296687092705822,0,-3.699177951466064,-3.249879933737367,-3.2422778725616115
4.441654135338346,0.7317340899947935,0,-3.705847018299301,-3.2505654658002237,-3.2422778725616115
4.466691729323308,0.7337787808641728,0,-3.712554141079888,-3.251290614048315,-3.2422778725616115
4.49172932330827,0.7358030139112804,0,-3.7192990365548266,-3.2520563170501906,-3.2422778725616115
4.516766917293233,0.7378070187535627,0,-3.726081422824026,-3.2528634858918055,-3.2422778725616115
4.541804511278196,0.7397910226036517,0,-3.7329010193699634,-3.253713004072747,-3.2422778725616115
4.566842105263158,0.7417552502769897,0,-3.7397575470856905,-3.254605727661387,-3.2422778725616115
4.59187969924812,0.743699924211894,0,-3.7466507283013213,-3.2555424844503777,-3.2422778725616115
4.616917293233083,0.7456252644645506,0,-3.753580286808871,-3.2565240741176456,-3.2422778725616115
4.641954887218045,0.7475314887201402,0,-3.7605459478859027,-3.2575512680723797,-3.2422778725616115
4.666992481203008,0.7494188123866647,0,-3.767547438317294,-3.258624809430534,-3.2422778725616115
4.6920300751879696,0.7512874484512905,0,-3.7745844864162796,-3.2597454130496097,-3.2422778725616115
4.717067669172932,0.7531376076069612,0,-3.7816568220435665,-3.26091376561676,-3.2422778725616115
4.742105263157895,0.7549694982579814,0,-3.7887641766254516,-3.262130525789079,-3.2422778725616115
4.767142857142857,0.7567833265115695,0,-3.7959062831707238,-3.2633963243734434,-3.2422778725616115
4.79218045112782,0.7585792961978391,0,-3.803082876286326,-3.264711764557965,-3.2422778725616115
4.8172180451127815,0.7603576088869135,0,-3.810293692191883,-3.266077422174441,-3.2422778725616115
4.842255639097744,0.76211846390474,0,-3.817538468733159,-3.2674938459962544,-3.2422778725616115
4.867293233082707,0.7638620583493512,0,-3.824816945430721,-3.2689615580696203,-3.2422778725616115
4.892330827067669,0.7655885871073064,0,-3.8321288633093333,-3.2704810540708418,-3.2422778725616115
4.917368421052632,0.7672982428704549,0,-3.8394739652724237,-3.2720528036903946,-3.2422778725616115
4.942406015037594,0.7689912161530073,0,-3.84685199578854,-3.2736772510369057,-3.2422778725616115
4.967443609022556,0.7706676953087712,0,-3.8542627008753074,-3.2753548150673026,-3.2422778725616115
4.992481203007519,0.7723278665486261,0,-3.8617058284843067,-3.277085890031032,-3.2422778725616115
5.017518796992481,0.7739719139581259,0,-3.869181128093886,-3.2788708458960922,-3.2422778725616115
5.042556390977444,0.7756000195158255,0,-3.876688350922118,-3.280710028891646,-3.2422778725616115
5.067593984962406,0.7772123631103439,0,-3.884227249890542,-3.2826037619164685,-3.2422778725616115
5.092631578947368,0.7788091225594814,0,-3.8917975796285544,-3.284552345093633,-3.2422778725616115
5.117669172932331,0.780390473628049,0,-3.8993990964770786,-3.2865560561325387,-3.2422778725616115
5.142706766917294,0.781956590046354,0,-3.907031558491497,-3.288615151094409,-3.2422778725616115
5.1677443609022555,0.7835076433129053,0,-3.9146947254443396,-3.2907298646750003,-3.2422778725616115
5.192781954887218,0.7850438037920913,0,-3.9223883588254047,-3.292900410665736,-3.2422778725616115
5.21781954887218,0.7865652385746562,0,-3.930112221845595,-3.2951269828122616,-3.2422778725616115
5.242857142857143,0.7880721136546178,0,-3.937866079434638,-3.297409754956803,-3.2422778725616115
5.267894736842106,0.7895645928689424,0,-3.9456496982423452,-3.2997488817436738,-3.2422778725616115
5.2929323308270675,0.7910428381321705,0,-3.9534628466375636,-3.302144499077707,-3.2422778725616115
5.31796992481203,0.7925070094552463,0,-3.9613052947070493,-3.3045967246715073,-3.2422778725616115
5.343007518796992,0.7939572649643768,0,-3.9691768142537276,-3.30710565851664,-3.2422778725616115
5.368045112781955,0.795393760919848,0,-3.977077178794516,-3.30967138341643,-3.2422778725616115
5.393082706766918,0.7968166517348929,0,-3.9850061635579657,-3.312293965447968,-3.2422778725616115
5.4181203007518794,0.7982260899945804,0,-3.9929635454799324,-3.314973454521806,-3.2422778725616115
5.443157894736842,0.800267217677088,0,-4.000947659684492,-3.317544488036745,-3.2422778725616115
5.468195488721805,0.8016355324829527,0,-4.008961233562538,-3.320342676522936,-3.2422778725616115
5.493233082706767,0.8029911787195607,0,-4.017002543132652,-3.323197743752285,-3.2422778725616115
5.5182706766917295,0.8043342945178773,0,-4.025071372226255,-3.326109677677598,-3.2422778725616115
5.543308270676691,0.8056650161588798,0,-4.033167506358252,-3.329078452808937,-3.2422778725616115
5.568345864661654,0.8069834783640033,0,-4.041290732721103,-3.332104030504037,-3.2422778725616115
5.593383458646617,0.8082898143110181,0,-4.049440840179278,-3.3351863594572477,-3.2422778725616115
5.618421052631579,0.8095841556497678,0,-4.057617619263418,-3.338325376188896,-3.2422778725616115
5.6434586466165415,0.8108666325178651,0,-4.065820862164195,-3.3415210053942017,-3.2422778725616115
5.668496240601503,0.8121373735563633,0,-4.074050362725854,-3.344773160370947,-3.2422778725616115
5.693533834586466,0.8133965059253065,0,-4.082305916439567,-3.348081743421842,-3.2422778725616115
5.718571428571429,0.8146441553192348,0,-4.0905873204364385,-3.3514466462485344,-3.2422778725616115
5.743609022556391,0.8158804459826058,0,-4.098894373480352,-3.3548677503371414,-3.2422778725616115
5.7686466165413535,0.8171055007251359,0,-4.107226875960527,-3.358344927336395,-3.2422778725616115
5.793684210526316,0.8183194409370625,0,-4.115584629883891,-3.3618780394268377,-3.2422778725616115
5.818721804511278,0.8195223866043168,0,-4.123967438867233,-3.365466939697238,-3.2422778725616115
5.843759398496241,0.8207144563236186,0,-4.132375108129174,-3.3691114724295588,-3.2422778725616115
5.868796992481203,0.821895767317462,0,-4.1408074444819345,-3.372811473579802,-3.2422778725616115
5.893834586466165,0.8230664354490296,0,-4.14926425632294,-3.376566770985006,-3.2422778725616115
5.918872180451128,0.8242265752369896,0,-4.15774535362628,-3.3803771847386477,-3.2422778725616115
5.94390977443609,0.8253762998642129,0,-4.166250547933979,-3.3842425275413213,-3.2422778725616115
5.968947368421053,0.8265157212224257,0,-4.174779652347089,-3.388162604967786,-3.2422778725616115
5.9939849624060155,0.8276449498497711,0,-4.183332481516878,-3.3921372157997274,-3.2422778725616115
6.019022556390977,0.8287640950895155,0,-4.191908851635352,-3.3961661523221274,-3.2422778725616115
6.04406015037594,0.8298732649060314,0,-4.200508580426501,-3.400249200601829,-3.2422778725616115
6.069097744360902,0.8309725660732544,0,-4.209131487136521,-3.404386140777758,-3.2422778725616115
6.094135338345865,0.8320621041045417,0,-4.217777392524574,-3.4085767473347874,-3.2422778725616115
6.1191729323308275,0.8331419832836318,0,-4.226446118853197,-3.4128207893708944,-3.2422778725616115
6.144210526315789,0.8342123066784479,0,-4.23513748987865,-3.4171180308573255,-3.2422778725616115
6.169248120300752,0.8352731761548674,0,-4.2438513308412125,-3.421468230891559,-3.2422778725616115
6.194285714285714,0.8363246923905364,0,-4.252587468455385,-3.4258711439431995,-3.2422778725616115
6.219323308270677,0.837366954888082,0,-4.26134573090002,-3.4303265200926725,-3.2422778725616115
6.2443609022556394,0.838400061988791,0,-4.270125947808412,-3.4348341052635005,-3.2422778725616115
6.269398496240601,0.839424110885855,0,-4.278927950258302,-3.43939364144731,-3.2422778725616115
6.294436090225564,0.8404391976375715,0,-4.287751570761855,-3.4440048669226284,-3.2422778725616115
6.319473684210527,0.8414454171804281,0,-4.296596643255583,-3.4486675164667946,-3.2422778725616115
6.344511278195489,0.8424428633420695,0,-4.305463003090226,-3.453381321561677,-3.2422778725616115
6.369548872180451,0.8434316288541518,0,-4.314350487020598,-3.4581460105937003,-3.2422778725616115
6.394586466165413,0.844411805365076,0,-4.3232589331954205,-3.4629613090464524,-3.2422778725616115
6.419624060150376,0.8453834834526083,0,-4.332188181147099,-3.467826939688476,-3.2422778725616115
6.444661654135339,0.8463467526363825,0,-4.341138071781508,-3.472742622754676,-3.2422778725616115
6.469699248120301,0.8473017013902829,0,-4.350108447367743,-3.477708076122068,-3.2422778725616115
6.494736842105263,0.8482484171547109,0,-4.359099151527878,-3.48272301547989,-3.2422778725616115
6.519774436090225,0.849186986348735,0,-4.368110029226673,-3.487787154494268,-3.2422778725616115
6.544812030075188,0.8501174943821248,0,-4.3771409267613475,-3.4929002049675026,-3.2422778725616115
6.569849624060151,0.8510400256672626,0,-4.386191691751273,-3.4980618769994076,-3.2422778725616115
6.594887218045113,0.8519546636309415,0,-4.395262173127744,-3.5032718790990884,-3.2422778725616115
6.619924812030075,0.8528614907260466,0,-4.404352221123684,-3.508529918403835,-3.2422778725616115
6.644962406015038,0.853760588443115,0,-4.4134616872634265,-3.5138357007436456,-3.2422778725616115
6.67,0.8546520373217845,0,-4.422590424352457,-3.519188930811131,-3.2422778725616115
6.695037593984963,0.8555359169621207,0,-4.4317382864671995,-3.5245893122856695,-3.2422778725616115
6.7200751879699245,0.856412306035831,0,-4.440905128944815,-3.5300365479578657,-3.2422778725616115
6.745112781954887,0.8572812822973606,0,-4.4500908083730195,-3.5355303398503715,-3.2422778725616115
6.77015037593985,0.8581429225948748,0,-4.459295182579913,-3.541070389334349,-3.2422778725616115
6.795187969924812,0.858997302881124,0,-4.468518110623864,-3.546656397241779,-3.2422778725616115
6.820225563909775,0.8598444982241954,0,-4.477759452783397,-3.552288063973707,-3.2422778725616115
6.8452631578947365,0.8606845828181509,0,-4.487019070547115,-3.5579650896049637,-3.2422778725616115
6.870300751879699,0.8615176299935492,0,-4.4962968266036665,-3.56368717398285,-3.2422778725616115
6.895338345864662,0.8623437122278513,0,-4.5055925848317315,-3.569454016826286,-3.2422778725616115
6.920375939849624,0.8631629011557274,0,-4.5149062102900555,-3.575265317817749,-3.2422778725616115
6.945413533834587,0.8639752675792335,0,-4.524237569207519,-3.581120776692533,-3.2422778725616115
6.970451127819549,0.865567633025464,0,-4.533583927401507,-3.5868840560746564,-3.2422778725616115
6.995488721804511,0.8663528710888923,0,-4.5429504392531115,-3.5928311050711206,-3.2422778725616115
7.020526315789474,0.8671317446662747,0,-4.552334287487498,-3.5988212938933697,-3.2422778725616115
7.045563909774436,0.8679043166316368,0,-4.561735343003809,-3.6048543262028234,-3.2422778725616115
7.0706015037593986,0.8686706491629164,0,-4.571153477819397,-3.610929905770945,-3.2422778725616115
7.095639097744361,0.8694308037499741,0,-4.580588565060269,-3.617047737310879,-3.2422778725616115
7.120676691729323,0.870184841202519,0,-4.590040478951559,-3.623207525780857,-3.2422778725616115
7.145714285714286,0.8709328216579506,0,-4.59950909480803,-3.6294089768287865,-3.2422778725616115
7.170751879699249,0.8716748045891094,0,-4.608994289024671,-3.635651796812737,-3.2422778725616115
7.1957894736842105,0.8724108488119539,0,-4.618495939067298,-3.6419356927032336,-3.2422778725616115
7.220827067669173,0.8731410124931368,0,-4.628013923463239,-3.648260372387486,-3.2422778725616115
7.245864661654135,0.8738653531575142,0,-4.637548121792043,-3.6546255445739204,-3.2422778725616115
7.270902255639098,0.8745839276955638,0,-4.647098414676265,-3.6610309188287307,-3.2422778725616115
7.295939849624061,0.8752967923707216,0,-4.65666468377229,-3.667476205671564,-3.2422778725616115
7.3209774436090225,0.8760040028266423,0,-4.666246811761233,-3.673961116614403,-3.2422778725616115
7.346015037593985,0.8767056140943695,0,-4.675844682339852,-3.6804853642037325,-3.2422778725616115
7.371052631578947,0.8774016805994401,0,-4.685458180211569,-3.6870486620627845,-3.2422778725616115
7.39609022556391,0.8780922561688961,0,-4.695087191077514,-3.69365072493296,-3.2422778725616115
7.421127819548873,0.8787773940382247,0,-4.704731601627631,-3.70029126871277,-3.2422778725616115
7.446165413533834,0.8794571468582214,0,-4.714391299531854,-3.7069700104942753,-3.2422778725616115
7.471203007518797,0.8801315667017751,0,-4.724066173431332,-3.7136866685987338,-3.2422778725616115
7.49624060150376,0.8808007050705725,0,-4.733756112929714,-3.7204409626100796,-3.2422778725616115
7.521278195488722,0.881464612901734,0,-4.743461008584498,-3.7272326134067297,-3.2422778725616115
7.5463157894736845,0.8821233405743695,0,-4.753180751898439,-3.7340613431919816,-3.2422778725616115
7.571353383458646,0.8827769379160635,0,-4.762915235311006,-3.740926875522023,-3.2422778725616115
7.596390977443609,0.8834254542092832,0,-4.772664352189924,-3.747828935568494,-3.2422778725616115
7.621428571428572,0.8840689381977169,0,-4.782427996822754,-3.7547672489689754,-3.2422778725616115
7.646466165413534,0.8847074380925383,0,-4.792206064408546,-3.761741544202147,-3.2422778725616115
7.6715037593984965,0.8853410015786001,0,-4.801998451049547,-3.7687515503598474,-3.2422778725616115
7.696541353383458,0.885969675820557,0,-4.811805053742981,-3.7757969978388983,-3.2422778725616115
7.721578947368421,0.8865935074689163,0,-4.8216257703728775,-3.7828776191377873,-3.2422778725616115
7.746616541353384,0.8872125426660233,0,-4.831460499701981,-3.7899931478637905,-3.2422778725616115
7.771654135338346,0.8878268270519756,0,-4.841309141363693,-3.797143319256537,-3.2422778725616115
7.7966917293233085,0.8884364057704675,0,-4.8511715958541135,-3.8043278701033545,-3.2422778725616115
7.821729323308271,0.8890413234745708,0,-4.861047764524114,-3.8115465387546985,-3.2422778725616115
7.846766917293233,0.8896416243324449,0,-4.870937549571491,-3.8187990651747725,-3.2422778725616115
7.871804511278196,0.8902373520329853,0,-4.8808408540331705,-3.8260851907726865,-3.2422778725616115
7.896842105263158,0.8908285497914015,0,-4.890757581777482,-3.8334046587791346,-3.2422778725616115
7.92187969924812,0.8914152603547352,0,-4.9006876374965085,-3.840757213934208,-3.2422778725616115
7.946917293233083,0.8919975260073105,0,-4.910630926698456,-3.8481426024736023,-3.2422778725616115
7.971954887218045,0.8925753885761232,0,-4.920587355700137,-3.855560572515108,-3.2422778725616115
7.996992481203008,0.8931488894361657,0,-4.930556831619487,-3.8630108736529936,-3.2422778725616115
8.02203007518797,0.8937180695156896,0,-4.940539262368135,-3.8704932571729973,-3.2422778725616115
8.047067669172932,0.8942829693014093,0,-4.950534556644078,-3.8780074760174807,-3.2422778725616115
8.072105263157894,0.8948436288436428,0,-4.960542623924358,-3.8855532847915724,-3.2422778725616115
8.097142857142858,0.8954000877613891,0,-4.970563374457861,-3.89313043976842,-3.2422778725616115
8.12218045112782,0.8959523852473539,0,-4.980596719270668,-3.9007386988936954,-3.2422778725616115
8.147218045112782,0.8965005600729083,0,-4.990642570096263,-3.908377821789548,-3.2422778725616115
8.172255639097745,0.897044650592995,0,-5.000700839493874,-3.9160475697575565,-3.2422778725616115
8.197293233082707,0.8975846947509716,0,-5.010771440775839,-3.923747705781368,-3.2422778725616115
8.222330827067669,0.8981207300834022,0,-5.020854287823628,-3.9314779945285157,-3.2422778725616115
8.247368421052633,0.898652793724787,0,-5.0309492953711095,-3.939238202351687,-3.2422778725616115
8.272406015037594,0.8991809224122415,0,-5.041056378989804,-3.94702809728944,-3.2422778725616115
8.297443609022556,0.8997051524901154,0,-5.051175454791384,-3.9548474490662446,-3.2422778725616115
8.322481203007518,0.9002255199145599,0,-5.061306439655987,-3.9626960290921396,-3.2422778725616115
8.347518796992482,0.900742060253905,0,-5.071449251166652,-3.9705736104617655,-3.2422778725616115
8.372556390977444,0.9012548087137925,0,-5.081603807602697,-3.9784799679529614,-3.2422778725616115
8.397593984962406,0.9017638001002335,0,-5.091770027933335,-3.986414878028818,-3.2422778725616115
8.42263157894737,0.9022690688653097,0,-5.101947831811107,-3.9943781188157397,-3.2422778725616115
8.447669172932331,0.9027706490653035,0,-5.112137139565628,-4.00236947013931,-3.2422778725616115
8.472706766917293,0.9032685744965745,0,-5.122337872196911,-4.010388713483213,-3.2422778725616115
8.497744360902256,0.9037628784447751,0,-5.1325499513697395,-4.0184356320034675,-3.2422778725616115
8.522781954887218,0.9042535939439842,0,-5.142773299406822,-4.02651001052214,-3.2422778725616115
8.54781954887218,0.9047407536533166,0,-5.153007839282944,-4.034611635522045,-3.2422778725616115
8.572857142857144,0.9052243898864719,0,-5.163253494618813,-4.0427402951422815,-3.2422778725616115
8.597894736842106,0.9057045346157359,0,-5.173510189674997,-4.050895779173192,-3.2422778725616115
8.622932330827068,0.9061812194759385,0,-5.183777849345959,-4.059077879051008,-3.2422778725616115
8.64796992481203,0.9066544757683587,0,-5.19405639915411,-4.067286387852178,-3.2422778725616115
8.673007518796993,0.9071243344645864,0,-5.20434576524394,-4.075521100287421,-3.2422778725616115
8.698045112781955,0.9075908262103375,0,-5.214645874376179,-4.083781812695495,-3.2422778725616115
8.723082706766917,0.9080539813292221,0,-5.224956653922053,-4.092068323036699,-3.2422778725616115
8.74812030075188,0.908513829826467,0,-5.2352780318575505,-4.100380430886179,-3.2422778725616115
8.773157894736842,0.9089704013925974,0,-5.245609936757778,-4.108717937426709,-3.2422778725616115
8.798195488721804,0.9094237254070693,0,-5.255952297791337,-4.117080645442028,-3.2422778725616115
8.823233082706768,0.9098738309418615,0,-5.266305044718002,-4.125468359308555,-3.2422778725616115
8.84827067669173,0.9103207467650232,0,-5.276668107870349,-4.133880884989019,-3.2422778725616115
8.873308270676691,0.9107645013441796,0,-5.287041418164408,-4.142318030022585,-3.2422778725616115
8.898345864661655,0.9112051228499938,0,-5.297424907094193,-4.150779603519701,-3.2422778725616115
8.923383458646617,0.9116426391595899,0,-5.307818506710374,-4.159265416151376,-3.2422778725616115
8.948421052631579,0.9120770778599323,0,-5.318222149627794,-4.167775280142083,-3.2422778725616115
8.97345864661654,0.9125084662511648,0,-5.3286357690170165,-4.176309009260999,-3.2422778725616115
8.998496240601504,0.9129368313499104,0,-5.339059298599137,-4.1848664188134,-3.2422778725616115
9.023533834586466,0.9133621998925301,0,-5.349492672640627,-4.193447325631858,-3.2422778725616115
9.048571428571428,0.9137845983383442,0,-5.359935825948259,-4.20205154806736,-3.2422778725616115
9.073609022556392,0.914204052872812,0,-5.37038869386406,-4.210678905980284,-3.2422778725616115
9.098646616541354,0.9146205894106175,0,-5.380851212260298,-4.219329220731265,-3.2422778725616115
9.123684210526315,0.9150342335990097,0,-5.391323317534555,-4.228002315171983,-3.2422778725616115
9.148721804511279,0.9154450108205692,0,-5.401804946604813,-4.236698013635803,-3.2422778725616115
9.173759398496241,0.9158529461959902,0,-5.412296036904609,-4.245416141928381,-3.2422778725616115
9.198796992481203,0.9162580645886729,0,-5.422796526378226,-4.254156527318152,-3.2422778725616115
9.223834586466166,0.916660390604813,0,-5.433306353475945,-4.262918998526759,-3.2422778725616115
9.248872180451128,0.9170599485990216,0,-5.443825457149321,-4.271703385719412,-3.2422778725616115
9.27390977443609,0.9174567626758923,0,-5.454353776847811,-4.280509520495169,-3.2422778725616115
9.298947368421052,0.9178508566931154,0,-5.464891252508993,-4.289337235877175,-3.2422778725616115
9.323984962406016,0.9182422542642974,0,-5.475437824561736,-4.298186366302851,-3.2422778725616115
9.349022556390977,0.9186309787617426,0,-5.485993433915198,-4.307056747614013,-3.2422778725616115
9.37406015037594,0.9190170533192034,0,-5.496558021960846,-4.3159482170469845,-3.2422778725616115
9.399097744360903,0.9194005008345961,0,-5.507131530560198,-4.3248606132226435,-3.2422778725616115
9.424135338345865,0.9197813439726868,0,-5.517713902045639,-4.333793776136451,-3.2422778725616115
9.449172932330827,0.9201596051677393,0,-5.52830507921475,-4.342747547148456,-3.2422778725616115
9.47421052631579,0.9205353066261356,0,-5.53890500532601,-4.351721768973267,-3.2422778725616115
9.499248120300752,0.9209084703289642,0,-5.54951362409451,-4.360716285670014,-3.2422778725616115
9.524285714285714,0.9212791180345757,0,-5.560130879687744,-4.3697309426323,-3.2422778725616115
9.549323308270678,0.9216472712811066,0,-5.570756716722098,-4.378765586578128,-3.2422778725616115
9.57436090225564,0.9220129513889765,0,-5.581391080255948,-4.387820065539838,-3.2422778725616115
9.599398496240601,0.9223761794633515,0,-5.592033915789687,-4.396894228854029,-3.2422778725616115
9.624436090225563,0.9227369763965781,0,-5.602685169258921,-4.405987927151493,-3.2422778725616115
9.649473684210527,0.9230953628705909,0,-5.613344787030424,-4.415101012347144,-3.2422778725616115
9.674511278195489,0.9234513593592862,0,-5.624012715901384,-4.424233337629959,-3.2422778725616115
9.69954887218045,0.9238049861308726,0,-5.63468890308954,-4.433384757452929,-3.2422778725616115
9.724586466165414,0.9241562632497982,0,-5.645373296234645,-4.442555127523031,-3.2422778725616115
9.749624060150376,0.9245052105806109,0,-5.65606584339248,-4.45174430479119,-3.2422778725616115
9.774661654135338,0.924851847788223,0,-5.66676649303053,-4.460952147442299,-3.2422778725616115
9.799699248120302,0.9251961943354818,0,-5.677475194024578,-4.470178514885235,-3.2422778725616115
9.824736842105263,0.9255382695081342,0,-5.688191895656895,-4.479423267742897,-3.2422778725616115
9.849774436090225,0.9258780923824997,0,-5.698916547609292,-4.488686267842288,-3.2422778725616115
9.874812030075189,0.9262156818325269,0,-5.709649099961144,-4.497967378204615,-3.2422778725616115
9.89984962406015,0.9274645994979085,0,-5.720384854510216,-4.507198492084285,-3.2422778725616115
9.924887218045113,0.9277874222753969,0,-5.731133154744137,-4.516516998073042,-3.2422778725616115
9.949924812030076,0.9281081979113971,0,-5.741889205898401,-4.525853172652186,-3.2422778725616115
9.974962406015038,0.9284269427685756,0,-5.752652959653163,-4.535206884433268,-3.2422778725616115
10.0,0.9287436730559261,0,-5.763424368067019,-4.544578003151418,-3.2422778725616115
