0.01,0,0.4569077903813499,-3.2422778725667896,-12.842694839093182,-3.2422778725616115
0.03503759398496241,0,0.45670819746037833,-3.2422778662396583,-12.804827402468526,-3.2422778725616115
0.060075187969924816,0,0.4565067878804975,-3.2422777761679415,-12.76694995929251,-3.2422778725616115
0.08511278195488721,0,0.45572271550951104,-3.242277831065459,-12.71017949020885,-3.2422778725616115
0.11015037593984962,0,0.4555041501919171,-3.2422776934857853,-12.671907661235023,-3.2422778725616115
0.13518796992481205,0,0.4552839865633513,-3.2422773410936316,-12.633637639802023,-3.2422778725616115
0.16022556390977444,0,0.4550622138314487,-3.242276616939422,-12.595369629955394,-3.2422778725616115
0.18526315789473685,0,0.45483882075267645,-3.242275324794234,-12.55710382613781,-3.2422778725616115
0.21030075187969927,0,0.4545167970427515,-3.242276669765259,-12.515740146769769,-3.2422778725616115
0.23533834586466168,0,0.45428777202454135,-3.2422757314486765,-12.477414645781558,-3.2422778725616115
0.2603759398496241,0,0.4540570815018149,-3.2422743225609403,-12.439092109158533,-3.2422778725616115
0.2854135338345865,0,0.45382471036654676,-3.2422723608303166,-12.400772633199841,-3.2422778725616115
0.31045112781954887,0,0.45359064332103616,-3.242269754369185,-12.362456314951071,-3.2422778725616115
0.3354887218045113,0,0.45335486487806903,-3.242266458186068,-12.324143252311787,-3.2422778725616115
0.3605263157894737,0,0.453100229598577,-3.242272035891271,-12.285297097700104,-3.2422778725616115
0.3855639097744361,0,0.4528605317049532,-3.2422702915788135,-12.246978654796996,-3.2422778725616115
0.4106015037593985,0,0.45261906792598683,-3.2422684371454067,-12.208663649959593,-3.2422778725616115
0.43563909774436094,0,0.45237582167311097,-3.2422666020322306,-12.170352177139799,-3.2422778725616115
0.46067669172932335,0,0.45213077617043934,-3.242265025398716,-12.1320443318714,-3.2422778725616115
0.48571428571428577,0,0.45188391445255566,-3.2422639234268633,-12.093740211303146,-3.2422778725616115
0.5107518796992482,0,0.45163521936225676,-3.2422636300437406,-12.05543991423177,-3.2422778725616115
0.5357894736842106,0,0.4513846735334861,-3.2422645324502564,-12.017143540683783,-3.2422778725616115
0.560827067669173,0,0.4511289259990487,-3.242285662695555,-11.97874966594096,-3.2422778725616115
0.5858646616541354,0,0.4508745295594373,-3.242293083091187,-11.940458883628569,-3.2422778725616115
0.6109022556390977,0,0.4506182268464933,-3.2423033805725763,-11.902172288158713,-3.2422778725616115
0.6359398496240601,0,0.450359999630506,-3.242317184753455,-11.863889985463304,-3.2422778725616115
0.6609774436090226,0,0.45009982947413246,-3.242335186332682,-11.825612083315516,-3.2422778725616115
0.686015037593985,0,0.44983769772969917,-3.2423581367413923,-11.787338691360695,-3.2422778725616115
0.7110526315789474,0,0.449573585536586,-3.24238684543157,-11.74906992115142,-3.2422778725616115
0.7360902255639098,0,0.44930747381844366,-3.2424221765390997,-11.710805886179223,-3.2422778725616115
0.7611278195488722,0,0.4490393432804225,-3.2424650457649644,-11.672546701966887,-3.2422778725616115
0.7861654135338346,0,0.44876917440635566,-3.24251641706871,-11.634292485869388,-3.2422778725616115
0.811203007518797,0,0.44849694745590096,-3.2425772975254987,-11.596043357397123,-3.2422778725616115
0.8362406015037595,0,0.4482226424616437,-3.2426487345544612,-11.557799438259273,-3.2422778725616115
0.8612781954887219,0,0.4479462392261581,-3.2427318113322503,-11.51956085209912,-3.2422778725616115
0.8863157894736843,0,0.44766771731902855,-3.242827642793607,-11.481327724781265,-3.2422778725616115
0.9113533834586467,0,0.4473870560738278,-3.242937371326377,-11.443100184306484,-3.2422778725616115
0.9363909774436091,0,0.4471042345850546,-3.2430621628543226,-11.404878360975534,-3.2422778725616115
0.9614285714285715,0,0.44681923170502713,-3.2432032028396716,-11.36666238730164,-3.2422778725616115
0.9864661654135339,0,0.4465320260407345,-3.243361692032424,-11.328452398112661,-3.2422778725616115
1.0115037593984963,0,0.44624259595064264,-3.243538843767912,-11.290248530578271,-3.2422778725616115
1.0365413533834587,0,0.4459509195414577,-3.2437358788878585,-11.25205092425053,-3.2422778725616115
1.0615789473684212,0,0.4456569746648428,-3.2439540239106024,-11.2138597211051,-3.2422778725616115
1.0866165413533835,0,0.4453607389140903,-3.2441945060856425,-11.175675065583205,-3.2422778725616115
1.111654135338346,0,0.44506218962074673,-3.244458552055872,-11.137497104634312,-3.2422778725616115
1.1366917293233083,0,0.4447613038511921,-3.2447473836715397,-11.099325987759585,-3.2422778725616115
1.1617293233082708,0,0.44445805840317115,-3.2450622158109113,-11.06116186705609,-3.2422778725616115
1.1867669172932331,0,0.4441524298022758,-3.2454042589186733,-11.023004897261758,-3.2422778725616115
1.2118045112781954,0,0.4438443942983807,-3.245774691363558,-10.984855235801167,-3.2422778725616115
1.236842105263158,0,0.44353392786202783,-3.2461747077250793,-10.946713042832133,-3.2422778725616115
1.2618796992481203,0,0.4432210061807616,-3.2466054664385973,-10.908578481293064,-3.2422778725616115
1.2869172932330828,0,0.44290560465541395,-3.2470681131673085,-10.870451716951237,-3.2422778725616115
1.311954887218045,0,0.4425876983963346,-3.2475637741480887,-10.832332918451764,-3.2422778725616115
1.3369924812030076,0,0.4422672622195858,-3.2480935547044987,-10.79422225736791,-3.2422778725616115
1.36203007518797,0,0.4419442706430448,-3.248658537918327,-10.7561199082512,-3.2422778725616115
1.3870676691729324,0,0.44161869788250613,-3.249259783457572,-10.718026048683857,-3.2422778725616115
1.4121052631578948,0,0.4412905178476886,-3.2498983265377093,-10.67994085933102,-3.2422778725616115
1.4371428571428573,0,0.44095970413820645,-3.250575177012046,-10.641864523994435,-3.2422778725616115
1.4621804511278196,0,0.44062623003948037,-3.2512913185548964,-10.60379722966691,-3.2422778725616115
1.487218045112782,0,0.44029006851859276,-3.2520477080530346,-10.565739166587765,-3.2422778725616115
1.5122556390977444,0,0.43995119222008805,-3.2528452749923735,-10.5276905282993,-3.2422778725616115
1.537293233082707,0,0.43960957346171187,-3.253684920998032,-10.489651511704157,-3.2422778725616115
1.5623308270676692,0,0.43926518423009664,-3.2545675195094455,-10.451622317123798,-3.2422778725616115
1.5873684210526318,0,0.4389179961763851,-3.255493915468945,-10.413603148357948,-3.2422778725616115
1.612406015037594,0,0.4385679806117951,-3.256464925124867,-10.375594212745085,-3.2422778725616115
1.6374436090225564,0,0.4382151085031256,-3.2574813359553354,-10.33759572122403,-3.2422778725616115
1.662481203007519,0,0.4378593504681975,-3.25854390657668,-10.29960788839653,-3.2422778725616115
1.6875187969924812,0,0.4375006767712417,-3.2596533667842826,-10.261630932591142,-3.2422778725616115
1.7125563909774437,0,0.4371390573182118,-3.260810417630092,-10.223665075927938,-3.2422778725616115
1.737593984962406,0,0.4367744616520441,-3.2620157315331957,-10.185710544384559,-3.2422778725616115
1.7626315789473685,0,0.43640685894785003,-3.26326995250792,-10.1477675678634,-3.2422778725616115
1.7876691729323309,0,0.43603621800804404,-3.2645736963431027,-10.109836380259917,-3.2422778725616115
1.8127067669172934,0,0.4356625072574053,-3.265927551169708,-10.071917219532128,-3.2422778725616115
1.8377443609022557,0,0.435285694738076,-3.2673320764056277,-10.034010327771405,-3.2422778725616115
1.8627819548872182,0,0.43490574810448746,-3.2687878058071287,-9.996115951274348,-3.2422778725616115
1.8878195488721805,0,0.43452263461822643,-3.2702952451241707,-9.958234340616125,-3.2422778725616115
1.912857142857143,0,0.4341363211428266,-3.271854873856373,-9.920365750724907,-3.2422778725616115
1.9378947368421053,0,0.43374677413849344,-3.273467145406395,-9.882510441065559,-3.2422778725616115
1.9629323308270679,0,0.4333539596567594,-3.2751324875116206,-9.84466867517738,-3.2422778725616115
1.9879699248120302,0,0.4329578433350681,-3.276851302711428,-9.806840721831287,-3.2422778725616115
2.0130075187969925,0,0.43255839039128763,-3.2786239688185708,-9.769026854030905,-3.2422778725616115
2.0380451127819548,0,0.43215556561815244,-3.2804508394104346,-9.731227349633144,-3.2422778725616115
2.063082706766917,0,0.4317493333776301,-3.282332244328098,-9.693442491322882,-3.2422778725616115
2.0881203007518794,0,0.43133965759521875,-3.2842684901848793,-9.655672566697042,-3.2422778725616115
2.113157894736842,0,0.4309265017541669,-3.286259860892035,-9.617917868350059,-3.2422778725616115
2.1381954887218044,0,0.43050982888961786,-3.288306618142719,-9.580178693960757,-3.2422778725616115
2.1632330827067667,0,0.43008960158268256,-3.290409002017077,-9.542455346380862,-3.2422778725616115
2.188270676691729,0,0.4296657819544379,-3.2925672314683867,-9.50474813372505,-3.2422778725616115
2.213308270676692,0,0.42923833165983577,-3.2947815047153273,-9.467057369462246,-3.2422778725616115
2.238345864661654,0,0.4288279522713764,-3.297008251339657,-9.429864462211466,-3.2422778725616115
2.2633834586466164,0,0.4283936999773566,-3.299336501585113,-9.392218593591307,-3.2422778725616115
2.2884210526315787,0,0.42795571551475664,-3.301721250142011,-9.354590396884122,-3.2422778725616115
2.3134586466165414,0,0.4275139590901676,-3.304162617112858,-9.316980213442495,-3.2422778725616115
2.3384962406015037,0,0.4270683904265265,-3.3066607047767733,-9.279388390563037,-3.2422778725616115
2.363533834586466,0,0.42661896875696936,-3.309215598107897,-9.241815281589144,-3.2422778725616115
2.3885714285714283,0,0.4261656528186143,-3.3118273652541936,-9.204261246015461,-3.2422778725616115
2.4136090225563906,0,0.4257084008462756,-3.3144960580896186,-9.16672664959409,-3.2422778725616115
2.4386466165413534,0,0.42524717056610534,-3.3172217126716452,-9.1292118644425,-3.2422778725616115
2.4636842105263157,0,0.424781919189167,-3.3200043497386265,-9.09171726915325,-3.2422778725616115
2.488721804511278,0,0.424312603404936,-3.3228439751978436,-9.054243248905426,-3.2422778725616115
2.5137593984962403,0,0.4238391793747304,-3.325740580599387,-9.01679019557799,-3.2422778725616115
2.538796992481203,0,0.42336160272507095,-3.328694143590853,-8.97935850786487,-3.2422778725616115
2.5638345864661654,0,0.42287982854096806,-3.3317046284230236,-8.941948591391936,-3.2422778725616115
2.5888721804511277,0,0.42239381135914034,-3.3347719863727394,-8.904560858835891,-3.2422778725616115
2.61390977443609,0,0.4219035051611585,-3.337896156116009,-8.867195730044983,-3.2422778725616115
2.6389473684210527,0,0.4214088633665205,-3.3410770643017775,-8.829853632161699,-3.2422778725616115
2.663984962406015,0,0.4209098388256549,-3.3443146258891687,-8.792534999747396,-3.2422778725616115
2.6890225563909773,0,0.42040638381285167,-3.3476087445878955,-8.755240274908846,-3.2422778725616115
2.7140601503759396,0,0.41989845001912307,-3.350959313302771,-8.71796990742683,-3.2422778725616115
2.7390977443609024,0,0.4193859885449945,-3.3543662143644557,-8.6807243548867,-3.2422778725616115
2.7641353383458647,0,0.418868949893222,-3.3578293202635274,-8.643504082810962,-3.2422778725616115
2.789172932330827,0,0.41834728396144183,-3.361348493692859,-8.60630956479392,-3.2422778725616115
2.8142105263157893,0,0.41782094003475,-3.3649235880936663,-8.569141282638416,-3.2422778725616115
2.8392481203007516,0,0.4172898667782084,-3.3685544480011824,-8.531999726494549,-3.2422778725616115
2.8642857142857143,0,0.41675401222928626,-3.3722409093350767,-8.494885395000619,-3.2422778725616115
2.8893233082706766,0,0.41621332379023196,-3.3759827998828253,-8.457798795426147,-3.2422778725616115
2.914360902255639,0,0.4156677482203748,-3.3797799395101715,-8.420740443817028,-3.2422778725616115
2.9393984962406012,0,0.41511723162835795,-3.383632140538352,-8.383710865142781,-3.2422778725616115
2.964436090225564,0,0.4145617194643118,-3.3875392080977553,-8.34671059344614,-3.2422778725616115
2.9894736842105263,0,0.41400115651200253,-3.391500940393131,-8.309740171995664,-3.2422778725616115
3.0145112781954886,0,0.4134354868657263,-3.3955171290420973,-8.27280015313979,-3.2422778725616115
3.039548872180451,0,0.41286465399672023,-3.399587559369886,-8.235891099936637,-3.2422778725616115
3.0645864661654136,0,0.4122886005983628,-3.4037120106853087,-8.199013583407709,-3.2422778725616115
3.089624060150376,0,0.41170726872104557,-3.4078902565747557,-8.162168185530618,-3.2422778725616115
3.1146616541353382,0,0.4111205996939599,-3.4121220651735236,-8.125355498016384,-3.2422778725616115
3.1396992481203005,0,0.4105285341431736,-3.4164071994325016,-8.088576122989513,-3.2422778725616115
3.1647368421052633,0,0.4099310119496432,-3.4207454173768164,-8.051830672504735,-3.2422778725616115
3.1897744360902256,0,0.4093279722778287,-3.425136472357723,-8.01511976943253,-3.2422778725616115
3.214812030075188,0,0.4087193535477934,-3.42958011329691,-7.978444047254569,-3.2422778725616115
3.23984962406015,0,0.4081050934312203,-3.4340760849228307,-7.941804150325057,-3.2422778725616115
3.2648872180451125,0,0.4074851288418404,-3.43862412800103,-7.905200734027873,-3.2422778725616115
3.2899248120300753,0,0.4068593959278491,-3.4432239795568393,-7.868634464974562,-3.2422778725616115
3.3149624060150376,0,0.4062278300625296,-3.4478753730917386,-7.8321060211717,-3.2422778725616115
3.34,0,0.4055903658367387,-3.4525780387926015,-7.7956160922260676,-3.2422778725616115
3.365037593984962,0,0.40494693704804996,-3.457331703734768,-7.759165379491111,-3.2422778725616115
3.390075187969925,0,0.40429747669409,-3.4621360920784783,-7.722754596293894,-3.2422778725616115
3.415112781954887,0,0.40392812995710126,-3.4669518744521355,-7.691546805543822,-3.2422778725616115
3.4401503759398495,0,0.40327315479673775,-3.4718582861142235,-7.6553075671977515,-3.2422778725616115
3.465187969924812,0,0.402612103860166,-3.47681453283006,-7.6191118607435655,-3.2422778725616115
3.4902255639097746,0,0.40194491046164005,-3.4818203300098354,-7.582960459656057,-3.2422778725616115
3.515263157894737,0,0.401271507455652,-3.486875391040378,-7.546854155547804,-3.2422778725616115
3.540300751879699,0,0.4005918268549988,-3.491979427447622,-7.510793751636243,-3.2422778725616115
3.5653383458646615,0,0.3999057998941564,-3.497132149041648,-7.474780064200388,-3.2422778725616115
3.590375939849624,0,0.39921335704594096,-3.5023332640607343,-7.43881392318326,-3.2422778725616115
3.6154135338345865,0,0.3985144279663654,-3.5075824793584944,-7.4028961715495925,-3.2422778725616115
3.640451127819549,0,0.397808941535274,-3.512879500481559,-7.36702766630973,-3.2422778725616115
3.665488721804511,0,0.3970968258250913,-3.518224031841733,-7.331209278292503,-3.2422778725616115
3.6905263157894734,0,0.39637800809851664,-3.52361577683444,-7.295441892424938,-3.2422778725616115
3.715563909774436,0,0.39565241480114943,-3.529054437966062,-7.259726407923403,-3.2422778725616115
3.7406015037593985,0,0.3949199715544976,-3.5345397169739297,-7.224063738492148,-3.2422778725616115
3.765639097744361,0,0.39418060314870995,-3.5400713149427885,-7.188454812517735,-3.2422778725616115
3.790676691729323,0,0.39343423353553625,-3.545648932417012,-7.15290057326763,-3.2422778725616115
3.815714285714286,0,0.3926807858212425,-3.551272269508765,-7.117401979088388,-3.2422778725616115
3.840751879699248,0,0.3919201822596047,-3.5569410260026815,-7.081960003605071,-3.2422778725616115
3.8657894736842104,0,0.39115234424494866,-3.562654901454443,-7.046575635921375,-3.2422778725616115
3.8908270676691727,0,0.39037719230525203,-3.568413595290012,-7.011249880820509,-3.2422778725616115
3.9158646616541355,0,0.3895946460953021,-3.5742168068971907,-6.975983758966342,-3.2422778725616115
3.940902255639098,0,0.3888046243899325,-3.580064235715328,-6.940778307105484,-3.2422778725616115
3.96593984962406,0,0.3880070450773425,-3.585955581321113,-6.905634578269492,-3.2422778725616115
3.9909774436090224,0,0.3872018251524836,-3.5918905435115644,-6.870553641977232,-3.2422778725616115
4.016015037593985,0,0.3863888807103287,-3.5978688223836865,-6.835536584434147,-3.2422778725616115
4.041052631578947,0,0.38556812694055326,-3.6038901184103658,-6.800584508751754,-3.2422778725616115
4.06609022556391,0,0.38473947811883014,-3.609954132513945,-6.765698535113327,-3.2422778725616115
4.0911278195488725,0,0.38390284760384064,-3.616060566136404,-6.7308798010252,-3.2422778725616115
4.116165413533834,0,0.38305814782807845,-3.6222091213068373,-6.696129461561153,-3.2422778725616115
4.141203007518797,0,0.3822052902941438,-3.6283995007061014,-6.661448689148296,-3.2422778725616115
4.166240601503759,0,0.381344185567928,-3.6346314077286053,-6.626838674650541,-3.2422778725616115
4.191278195488722,0,0.38047474327317204,-3.640904546577998,-6.592300626673639,-3.2422778725616115
4.2163157894736845,0,0.3795968720859405,-3.6472186221651546,-6.557835772212443,-3.2422778725616115
4.241353383458646,0,0.37871047972930666,-3.6535733404152655,-6.52344535675871,-3.2422778725616115
4.266390977443609,0,0.3778154729682114,-3.6599684081675803,-6.489130644497428,-3.2422778725616115
4.291428571428572,0,0.3769117576044603,-3.6664035332104046,-6.454892918500663,-3.2422778725616115
4.316466165413534,0,0.3759992384712478,-3.6728784243756643,-6.420733480910187,-3.2422778725616115
4.341503759398496,0,0.37507781942676455,-3.679392791575908,-6.386653653102747,-3.2422778725616115
4.366541353383458,0,0.3741474033605722,-3.6859463458444246,-6.352654776028144,-3.2422778725616115
4.391578947368421,0,0.3732078921841078,-3.692538799376206,-6.318738210316314,-3.2422778725616115
4.416616541353384,0,0.3722591868061077,-3.69916986556696,-6.28490533617623,-3.2422778725616115
4.441654135338346,0,0.3713011871577686,-3.7058392590501117,-6.251157553974654,-3.2422778725616115
4.466691729323308,0,0.3703337921830173,-3.7125466957320326,-6.217496284320979,-3.2422778725616115
4.49172932330827,0,0.3693568998208179,-3.7192918928254333,-6.183922968042684,-3.2422778725616115
4.516766917293233,0,0.3683704070215849,-3.7260745688810455,-6.1504390666129805,-3.2422778725616115
4.541804511278196,0,0.36737420973306434,-3.7328944438176057,-6.117046062157778,-3.2422778725616115
4.566842105263158,0,0.36636820290119326,-3.7397512389502436,-6.083745457656025,-3.2422778725616115
4.59187969924812,0,0.3653522804683132,-3.746644677017165,-6.050538777094726,-3.2422778725616115
4.616917293233083,0,0.3643263353676339,-3.7535744822051083,-6.01742756556634,-3.2422778725616115
4.641954887218045,0,0.36329025954513433,-3.7605403801730013,-5.984413389705716,-3.2422778725616115
4.666992481203008,0,0.3622439439139429,-3.7675420980742156,-5.951497837254223,-3.2422778725616115
4.6920300751879696,0,0.3611872783972113,-3.7745793645782193,-5.918682517742255,-3.2422778725616115
4.717067669172932,0,0.36012015190869306,-3.7816519098895043,-5.88596906236369,-3.2422778725616115
4.742105263157895,0,0.3590424523575249,-3.7887594657663763,-5.8533591241462535,-3.2422778725616115
4.767142857142857,0,0.3579540666483901,-3.7959017655381158,-5.820854378056064,-3.2422778725616115
4.79218045112782,0,0.35685488068437254,-3.8030785441209605,-5.788456521125444,-3.2422778725616115
4.8172180451127815,0,0.3557447793692245,-3.8102895380329462,-5.756167272426667,-3.2422778725616115
4.842255639097744,0,0.3546236466099443,-3.8175344854076925,-5.723988373401775,-3.2422778725616115
4.867293233082707,0,0.3534913653206062,-3.8248131260069558,-5.691921587763243,-3.2422778725616115
4.892330827067669,0,0.3523478174267307,-3.832125201232418,-5.659968701571445,-3.2422778725616115
4.917368421052632,0,0.35119288385541947,-3.8394704541362863,-5.628131523179746,-3.2422778725616115
4.942406015037594,0,0.3500264446122998,-3.8468486294308075,-5.596411884082733,-3.2422778725616115
4.967443609022556,0,0.3488483786454214,-3.854259473497458,-5.564811637323682,-3.2422778725616115
4.992481203007519,0,0.3476585639944085,-3.86170273439447,-5.533332659148856,-3.2422778725616115
5.017518796992481,0,0.3464568777271197,-3.8691781618639878,-5.501976848206977,-3.2422778725616115
5.042556390977444,0,0.3452431959582978,-3.8766855073382445,-5.470746125667763,-3.2422778725616115
5.067593984962406,0,0.3440173938791787,-3.884224523945004,-5.439642435429533,-3.2422778725616115
5.092631578947368,0,0.34277934572725427,-3.8917949665122036,-5.408667743649862,-3.2422778725616115
5.117669172932331,0,0.34152892483651687,-3.8993965915718665,-5.377824039131034,-3.2422778725616115
5.142706766917294,0,0.3402660036366639,-3.907029157363292,-5.347113333117904,-3.2422778725616115
5.1677443609022555,0,0.33899045365547137,-3.9146924238389222,-5.316537659111908,-3.2422778725616115
5.192781954887218,0,0.33770214554778205,-3.9223861526500343,-5.286099072937093,-3.2422778725616115
5.21781954887218,0,0.336400949103308,-3.930110107180117,-5.255799652554087,-3.2422778725616115
5.242857142857143,0,0.3350867332645174,-3.937864052513506,-5.225641497946522,-3.2422778725616115
5.267894736842106,0,0.33375936614418816,-3.945647755451516,-5.195626730976606,-3.2422778725616115
5.2929323308270675,0,0.33241871504419895,-3.953460984508676,-5.165757495218521,-3.2422778725616115
5.31796992481203,0,0.3310646464756053,-3.9613035099117946,-5.136035955771446,-3.2422778725616115
5.343007518796992,0,0.3296970261800571,-3.9691751035984426,-5.106464299050992,-3.2422778725616115
5.368045112781955,0,0.3283157191523094,-3.9770755392149386,-5.0770447325551915,-3.2422778725616115
5.393082706766918,0,0.32692058966601034,-3.985004592114203,-5.047779484625019,-3.2422778725616115
5.4181203007518794,0,0.3255115012964582,-3.9929620393516054,-5.018670804136338,-3.2422778725616115
5.443157894736842,0,0.324088316950972,-4.000947659684492,-4.9897209602192465,-3.2422778725616115
5.468195488721805,0,0.32265089864022495,-4.008961233562538,-4.960932239598426,-3.2422778725616115
5.493233082706767,0,0.3211991087902539,-4.017002543132652,-4.932306957867892,-3.2422778725616115
5.5182706766917295,0,0.3197328076032692,-4.025071372226255,-4.903847434851113,-3.2422778725616115
5.543308270676691,0,0.3182518562051139,-4.033167506358252,-4.875556022363772,-3.2422778725616115
5.568345864661654,0,0.31675611429586137,-4.041290732721103,-4.8474350823177454,-3.2422778725616115
5.593383458646617,0,0.3152454415509629,-4.049440840179278,-4.819486998397164,-3.2422778725616115
5.618421052631579,0,0.3137196971078658,-4.057617619263418,-4.791714170632305,-3.2422778725616115
5.6434586466165415,0,0.3121787397196277,-4.065820862164195,-4.764119015841825,-3.2422778725616115
5.668496240601503,0,0.31062242779811355,-4.074050362725854,-4.736703967040745,-3.2422778725616115
5.693533834586466,0,0.30905061946903284,-4.082305916439567,-4.709471472890606,-3.2422778725616115
5.718571428571429,0,0.3074631725047949,-4.0905873204364385,-4.682423996105384,-3.2422778725616115
5.743609022556391,0,0.3058599449136832,-4.098894373480352,-4.655564017080033,-3.2422778725616115
5.7686466165413535,0,0.3042407939266205,-4.107226875960527,-4.62889402457333,-3.2422778725616115
5.793684210526316,0,0.30260557715037656,-4.115584629883891,-4.602416523737069,-3.2422778725616115
5.818721804511278,0,0.30095415203117115,-4.123967438867233,-4.5761340305157585,-3.2422778725616115
5.843759398496241,0,0.2992863760747738,-4.132375108129174,-4.550049072041483,-3.2422778725616115
5.868796992481203,0,0.29760210695544714,-4.1408074444819345,-4.524164186038871,-3.2422778725616115
5.893834586466165,0,0.29590120246994916,-4.14926425632294,-4.498481919000126,-3.2422778725616115
5.918872180451128,0,0.29418352068929726,-4.15774535362628,-4.473004825786277,-3.2422778725616115
5.94390977443609,0,0.29244892004590195,-4.166250547933979,-4.4477354686463375,-3.2422778725616115
5.968947368421053,0,0.2906972593846678,-4.174779652347089,-4.42267641590138,-3.2422778725616115
5.9939849624060155,0,0.28892839805854176,-4.183332481516878,-4.397830240875574,-3.2422778725616115
6.019022556390977,0,0.28714219601839924,-4.191908851635352,-4.373199520702983,-3.2422778725616115
6.04406015037594,0,0.28533851320380976,-4.200508580426501,-4.348786830352953,-3.2422778725616115
6.069097744360902,0,0.2835172131637016,-4.209131487136521,-4.324594764963395,-3.2422778725616115
6.094135338345865,0,0.2816781561159539,-4.217777392524574,-4.300625891210132,-3.2422778725616115
6.1191729323308275,0,0.27982120606946365,-4.226446118853197,-4.276882792965683,-3.2422778725616115
6.144210526315789,0,0.2779462275674937,-4.23513748987865,-4.253368047136101,-3.2422778725616115
6.169248120300752,0.8352731761548674,0,-4.2438513308412125,-4.230084224957205,-3.2422778725616115
6.194285714285714,0.8363246923905364,0,-4.252587468455385,-4.207033892280974,-3.2422778725616115
6.219323308270677,0.837366954888082,0,-4.26134573090002,-4.184219606958598,-3.2422778725616115
6.2443609022556394,0.838400061988791,0,-4.270125947808412,-4.1616439172732065,-3.2422778725616115
6.269398496240601,0.839424110885855,0,-4.278927950258302,-4.139309360315025,-3.2422778725616115
6.294436090225564,0.8404391976375715,0,-4.287751570761855,-4.117218459739381,-3.2422778725616115
6.319473684210527,0.8414454171804281,0,-4.296596643255583,-4.095373724212015,-3.2422778725616115
6.344511278195489,0.8424428633420695,0,-4.305463003090226,-4.073777645205634,-3.2422778725616115
6.369548872180451,0.8434316288541518,0,-4.314350487020598,-4.052432694958267,-3.2422778725616115
6.394586466165413,0.844411805365076,0,-4.3232589331954205,-4.031341324245328,-3.2422778725616115
6.419624060150376,0.8453834834526083,0,-4.332188181147099,-4.010505960509757,-3.2422778725616115
6.444661654135339,0.8463467526363825,0,-4.341138071781508,-3.989929004832467,-3.2422778725616115
6.469699248120301,0.8473017013902829,0,-4.350108447367743,-3.9696128302497407,-3.2422778725616115
6.494736842105263,0.8482484171547109,0,-4.359099151527878,-3.9495597790356416,-3.2422778725616115
6.519774436090225,0.849186986348735,0,-4.368110029226673,-3.9297721600020883,-3.2422778725616115
6.544812030075188,0.8501174943821248,0,-4.3771409267613475,-3.9102522461396414,-3.2422778725616115
6.569849624060151,0.8508085248896845,0,-4.386191906880474,-3.8685814431240813,-3.2422778725616115
6.594887218045113,0.8517282969720459,0,-4.395262379430524,-3.8496265011083426,-3.2422778725616115
6.619924812030075,0.8526401402232034,0,-4.40435241896747,-3.8309552112852328,-3.2422778725616115
6.644962406015038,0.8535441388912705,0,-4.4134618770002225,-3.812569868577178,-3.2422778725616115
6.67,0.8544403762094118,0,-4.422590606319494,-3.7944727117188295,-3.2422778725616115
6.695037593984963,0.855328934408595,0,-4.431738460987555,-3.776665919537821,-3.2422778725616115
6.7200751879699245,0.8562098947301975,0,-4.440905296328015,-3.759151607031943,-3.2422778725616115
6.745112781954887,0.8570833374384708,0,-4.450090968915594,-3.741931821422191,-3.2422778725616115
6.77015037593985,0.8579493418328636,0,-4.4592953365659564,-3.7250085380607403,-3.2422778725616115
6.795187969924812,0.8588079862601996,0,-4.468518258325551,-3.70838365623766,-3.2422778725616115
6.820225563909775,0.859659348126716,0,-4.477759594461483,-3.6920589948794844,-3.2422778725616115
6.8452631578947365,0.8605035039099618,0,-4.4870192064514205,-3.6760362881568778,-3.2422778725616115
6.870300751879699,0.8613405291705589,0,-4.496296956973538,-3.6603171809521458,-3.2422778725616115
6.895338345864662,0.8621704985638122,0,-4.5055927098964785,-3.644903224277662,-3.2422778725616115
6.920375939849624,0.8629934858512065,0,-4.514906330269378,-3.6297958705871882,-3.2422778725616115
6.945413533834587,0.8638095639117412,0,-4.5242376843119105,-3.6149964688029828,-3.2422778725616115
6.970451127819549,0.8646188047531455,0,-4.533586639404379,-3.600506259776229,-3.2422778725616115
6.995488721804511,0.8654212795229507,0,-4.542953064077855,-3.5863263709459643,-3.2422778725616115
7.020526315789474,0.8662170585194329,0,-4.552336828004355,-3.572457811456532,-3.2422778725616115
7.045563909774436,0.8670062112024229,0,-4.56173780198707,-3.5589014669547807,-3.2422778725616115
7.0706015037593986,0.867788806203982,0,-4.57115585795063,-3.5456580945031306,-3.2422778725616115
7.095639097744361,0.86856491133895,0,-4.580590868931425,-3.5327283170456205,-3.2422778725616115
7.120676691729323,0.8693345936153619,0,-4.590042709067987,-3.5201126183412996,-3.2422778725616115
7.145714285714286,0.8700979192447379,0,-4.5995112535913965,-3.5078113374287616,-3.2422778725616115
7.170751879699249,0.8708549536522452,0,-4.608996378815759,-3.4958246632780727,-3.2422778725616115
7.1957894736842105,0.8716057614867332,0,-4.61849796212874,-3.484152629282082,-3.2422778725616115
7.220827067669173,0.87235040663065,0,-4.6280158819821375,-3.472795107706836,-3.2422778725616115
7.245864661654135,0.8730889522098207,0,-4.637550017882517,-3.461751804892492,-3.2422778725616115
7.270902255639098,0.8738214606031189,0,-4.647100250381904,-3.4510222545442417,-3.2422778725616115
7.295939849624061,0.8745479934520096,0,-4.656666461068532,-3.4406058130561905,-3.2422778725616115
7.3209774436090225,0.875268611669971,0,-4.666248532557647,-3.43050165467735,-3.2422778725616115
7.346015037593985,0.8759833754518004,0,-4.675846348482372,-3.420708765060786,-3.2422778725616115
7.371052631578947,0.8766923442827983,0,-4.685459793484624,-3.41122593668238,-3.2422778725616115
7.39609022556391,0.8773955769478421,0,-4.6950887532060985,-3.402051763504347,-3.2422778725616115
7.421127819548873,0.8780931315403369,0,-4.704733114279316,-3.393184635987435,-3.2422778725616115
7.446165413533834,0.8787850654710581,0,-4.714392764318713,-3.3846227361995997,-3.2422778725616115
7.471203007518797,0.8794714354768759,0,-4.72406759191181,-3.3763640330816584,-3.2422778725616115
7.49624060150376,0.8801522976293754,0,-4.733757486610434,-3.3684062780689312,-3.2422778725616115
7.521278195488722,0.8808277073433545,0,-4.743462338922008,-3.3607470005764157,-3.2422778725616115
7.5463157894736845,0.8814977193852239,0,-4.753182040300895,-3.3533835042899036,-3.2422778725616115
7.571353383458646,0.8821623878812915,0,-4.762916483139805,-3.346312862980333,-3.2422778725616115
7.596390977443609,0.8828217663259431,0,-4.772665560761275,-3.3395319179300027,-3.2422778725616115
7.621428571428572,0.8834759075897156,0,-4.782429167409196,-3.3330372740919296,-3.2422778725616115
7.646466165413534,0.884124863927266,0,-4.792207198240421,-3.3268252980171615,-3.2422778725616115
7.6715037593984965,0.8847686869852369,0,-4.801999549316421,-3.320892115400232,-3.2422778725616115
7.696541353383458,0.8854074278100195,0,-4.811806117595013,-3.3152336098906083,-3.2422778725616115
7.721578947368421,0.8860411368554159,0,-4.821626800922148,-3.309845421605874,-3.2422778725616115
7.746616541353384,0.8866698639901979,0,-4.831461498023772,-3.3047229468948025,-3.2422778725616115
7.771654135338346,0.8872936585055751,0,-4.841310108497723,-3.2998613384840083,-3.2422778725616115
7.7966917293233085,0.8879125691225564,0,-4.851172532805732,-3.2952555064041333,-3.2422778725616115
7.821729323308271,0.8885266439992194,0,-4.86104867226546,-3.290900119691654,-3.2422778725616115
7.846766917293233,0.8891359307378833,0,-4.870938429042608,-3.286789608902638,-3.2422778725616115
7.871804511278196,0.8897404763921886,0,-4.880841706143082,-3.2829181698013965,-3.2422778725616115
7.896842105263158,0.8903403274740818,0,-4.8907584074052455,-3.279279766801168,-3.2422778725616115
7.92187969924812,0.8909355299607105,0,-4.900688437492198,-3.2758681394760547,-3.2422778725616115
7.946917293233083,0.8915261293012238,0,-4.910631701884153,-3.272676809258541,-3.2422778725616115
7.971954887218045,0.8921121704234877,0,-4.920588106870863,-3.2696990857490604,-3.2422778725616115
7.996992481203008,0.8926936977407083,0,-4.9305575595441145,-3.266928076649415,-3.2422778725616115
8.02203007518797,0.8932707551579677,0,-4.940539967790265,-3.264356697790471,-3.2422778725616115
8.047067669172932,0.8938433860786743,0,-4.950535240282875,-3.2619776845631723,-3.2422778725616115
8.072105263157894,0.8944116334109308,0,-4.96054328647539,-3.2597836049562523,-3.2422778725616115
8.097142857142858,0.8949755395738074,0,-4.970564016593864,-3.25776687401595,-3.2422778725616115
8.12218045112782,0.8955351465035444,0,-4.980597341642346,-3.255919770093254,-3.2422778725616115
8.147218045112782,0.8960904956596661,0,-4.990643173332957,-3.2542344519267954,-3.2422778725616115
8.172255639097745,0.8966416280310116,0,-5.000701424204363,-3.2527029783564627,-3.2422778725616115
8.197293233082707,0.8971885841416901,0,-5.010772007549074,-3.251317328931765,-3.2422778725616115
8.222330827067669,0.8977314040569537,0,-5.0208548372291135,-3.2500694265405428,-3.2422778725616115
8.247368421052633,0.8982701273889939,0,-5.030949828017979,-3.248951161586112,-3.2422778725616115
8.272406015037594,0.8988047933026597,0,-5.041056895294689,-3.2479544176906217,-3.2422778725616115
8.297443609022556,0.8993354405210996,0,-5.051175955328151,-3.2470710997026675,-3.2422778725616115
8.322481203007518,0.8998621073313292,0,-5.061306924923448,-3.246293162191452,-3.2422778725616115
8.347518796992482,0.9003848315896161,0,-5.071449721647367,-3.245612639201384,-3.2422778725616115
8.372556390977444,0.9009036507274398,0,-5.081604263763557,-3.2450216778503695,-3.2422778725616115
8.397593984962406,0.9014186017557586,0,-5.091770470226011,-3.2445125693427577,-3.2422778725616115
8.42263157894737,0.901929721271365,0,-5.101948260672616,-3.244077783686714,-3.2422778725616115
8.447669172932331,0.9024370454609082,0,-5.112137555418723,-3.243710003909549,-3.2422778725616115
8.472706766917293,0.9029406101093582,0,-5.122338275450819,-3.243402160615864,-3.2422778725616115
8.497744360902256,0.9034404505986323,0,-5.132550342420247,-3.2431474656311607,-3.2422778725616115
8.522781954887218,0.9039366019190354,0,-5.142773678636952,-3.2429394484203025,-3.2422778725616115
8.54781954887218,0.904429098670973,0,-5.15300820706332,-3.242771987853619,-3.2422778725616115
8.572857142857144,0.9049179750704617,0,-5.1632538513080775,-3.2426393398978983,-3.2422778725616115
8.597894736842106,0.9054032649539315,0,-5.17351053562021,-3.2425361594266318,-3.2422778725616115
8.622932330827068,0.9059245997383669,0,-5.183778177079102,-3.2426317067410846,-3.2422778725616115
8.64796992481203,0.9064020123260363,0,-5.194056717100327,-3.2425268601142347,-3.2422778725616115
8.673007518796993,0.9068759549945703,0,-5.204346073706194,-3.242447703459736,-3.2422778725616115
8.698045112781955,0.9073464597179952,0,-5.214646173647781,-3.242389558269598,-3.2422778725616115
8.723082706766917,0.9078135581229505,0,-5.2249569442869515,-3.242348207241379,-3.2422778725616115
8.74812030075188,0.9082772814929009,0,-5.235278313590667,-3.242319911874449,-3.2422778725616115
8.773157894736842,0.9087376607722939,0,-5.245610210125273,-3.2423014534278036,-3.2422778725616115
8.798195488721804,0.9091947265706632,0,-5.2559525630509185,-3.242290085597774,-3.2422778725616115
8.823233082706768,0.9096485091666812,0,-5.266305302119182,-3.2422835744239724,-3.2422778725616115
8.84827067669173,0.9103207467650232,0,-5.276668107870349,-3.2422896541966812,-3.2422778725616115
8.873308270676691,0.9107645013441796,0,-5.287041418164408,-3.2422825603122307,-3.2422778725616115
8.898345864661655,0.9112051228499938,0,-5.297424907094193,-3.242279356048276,-3.2422778725616115
8.923383458646617,0.9116426391595899,0,-5.307818506710374,-3.242278198989636,-3.2422778725616115
8.948421052631579,0.9120770778599323,0,-5.318222149627794,-3.242277909370338,-3.2422778725616115
8.97345864661654,0.9139161179105388,0,-5.3286255874295065,-3.2422779117514935,-3.2422778725616115
8.998496240601504,0.9143277550907669,0,-5.339049334976831,-3.2422778725618007,-3.2422778725616115
9.023533834586466,0.914736615041403,0,-5.349482922076918,-3.2422778573715094,-3.2422778725616115
9.048571428571428,0.9137845983383442,0,-5.359935825948259,-3.2422778589788366,-3.2422778725616115
9.073609022556392,0.914204052872812,0,-5.37038869386406,-3.2422777445644395,-3.2422778725616115
9.098646616541354,0.9146205894106175,0,-5.380851212260298,-3.2422773080366962,-3.2422778725616115
9.123684210526315,0.9150342335990097,0,-5.391323317534555,-3.242276206446289,-3.2422778725616115
9.148721804511279,0.9154450108205692,0,-5.401804946604813,-3.2422740170050472,-3.2422778725616115
9.173759398496241,0.9156729312054969,0,-5.412296206485955,-3.2422764990890744,-3.2422778725616115
9.198796992481203,0.9160808860319556,0,-5.422796691023439,-3.242275196650041,-3.2422778725616115
9.223834586466166,0.9164860002297334,0,-5.43330651333444,-3.2422731552976516,-3.2422778725616115
9.248872180451128,0.9168882990249086,0,-5.4438256123658375,-3.242270176966605,-3.2422778725616115
9.27390977443609,0.9172878073773162,0,-5.454353927562564,-3.2422661009211122,-3.2422778725616115
9.298947368421052,0.917684549983755,0,-5.464891398857813,-3.242260776633802,-3.2422778725616115
9.323984962406016,0.9180785512811193,0,-5.475437966676214,-3.2422541042671096,-3.2422778725616115
9.349022556390977,0.9184698354494848,0,-5.485993571922824,-3.242246036374266,-3.2422778725616115
9.37406015037594,0.9188584264151634,0,-5.496558155985131,-3.2422365859666633,-3.2422778725616115
9.399097744360903,0.9192231323957968,0,-5.5071316631235065,-3.2422597711007426,-3.2422778725616115
9.424135338345865,0.9196068218769818,0,-5.517714030773378,-3.2422556243246894,-3.2422778725616115
9.449172932330827,0.9199878798261039,0,-5.528305204222585,-3.242251368759441,-3.2422778725616115
9.47421052631579,0.920366329373144,0,-5.538905126725983,-3.2422472638945488,-3.2422778725616115
9.499248120300752,0.9207421934046639,0,-5.549513741995173,-3.242243632440998,-3.2422778725616115
9.524285714285714,0.9211154945667278,0,-5.560130994194253,-3.2422408625546835,-3.2422778725616115
9.549323308270678,0.9214862552677945,0,-5.570756827936339,-3.2422394132923094,-3.2422778725616115
9.57436090225564,0.9218544976815598,0,-5.5813911882766245,-3.2422397988788654,-3.2422778725616115
9.599398496240601,0.9222202437497733,0,-5.5920340207124415,-3.242242622056131,-3.2422778725616115
9.624436090225563,0.9225835151850107,0,-5.602685271176424,-3.2422485351482213,-3.2422778725616115
9.649473684210527,0.9229443334734103,0,-5.613344886032462,-3.2422582572578142,-3.2422778725616115
9.674511278195489,0.9233027198773781,0,-5.624012812074967,-3.2422725670977037,-3.2422778725616115
9.69954887218045,0.9236586954382511,0,-5.634688996518974,-3.2422922999116137,-3.2422778725616115
9.724586466165414,0.9240122809789256,0,-5.645373387001633,-3.2423183445424804,-3.2422778725616115
9.749624060150376,0.9243634971064765,0,-5.656065931576199,-3.24235163887143,-3.2422778725616115
9.774661654135338,0.9247123642146892,0,-5.666766578707714,-3.2423931658725316,-3.2422778725616115
9.799699248120302,0.9250589024865148,0,-5.677475277269586,-3.242443950357983,-3.2422778725616115
9.824736842105263,0.9254031318935865,0,-5.6881919765418045,-3.2425050543712466,-3.2422778725616115
9.849774436090225,0.9257450722115903,0,-5.698916626203964,-3.242577573147315,-3.2422778725616115
9.874812030075189,0.9260847430038999,0,-5.709649176333264,-3.2426626311100217,-3.2422778725616115
9.89984962406015,0.9264221636194061,0,-5.720389577401387,-3.2427613778382165,-3.2422778725616115
9.924887218045113,0.926757353267478,0,-5.731137780270039,-3.24287498412636,-3.2422778725616115
9.949924812030076,0.9270903308740385,0,-5.741893736187167,-3.2430046382388533,-3.2422778725616115
9.974962406015038,0.9274211152303018,0,-5.752657396784057,-3.24315154218968,-3.2422778725616115
10.0,0.9277497249205173,0,-5.763428714071587,-3.2433169082816793,-3.2422778725616115
