0.01,0.0001730503600641059,0.0
0.06020100502512563,0.0043410853900727716,-0.0
0.11040201005025126,0.01127933061911384,6.373077830435182e-08
0.1606030150753769,0.020771988772733795,5.99682134207773e-05
0.21080402010050253,0.040956256526894705,0.0008637339093017023
0.2610050251256282,0.05942596356252151,0.0020198083637664494
0.31120603015075377,0.08912845325991142,0.0059105040724143345
0.3614070351758794,0.12225314105807494,0.012662069998656562
0.41160804020100505,0.15735204485683155,0.022425701078577637
0.4618090452261307,0.1931781315238133,0.027421666129700564
0.5120100502512563,0.23167351594902935,0.0407296782493389
0.5622110552763819,0.2755641493502596,0.04728149968849447
0.6124120603015075,0.32338278949718624,0.054384230087431
0.6626130653266332,0.3736489825749202,0.06178909100960299
0.7128140703517588,0.43361726645505666,0.06076991180069063
0.7630150753768845,0.4853645514623182,0.06790973562854244
0.8132160804020101,0.5363918287879555,0.07493930877327808
0.8634170854271357,0.5863092210027392,0.08180625599033992
0.9136180904522614,0.6348704508210521,0.08847804448056093
0.963819095477387,0.6819277851059691,0.09493564720120524
1.0140201005025127,0.7273989335676465,0.10116892361960292
1.0642211055276383,0.7712447273443748,0.10717352716774164
1.1144221105527639,0.813454756748446,0.11294892539892588
1.1646231155778894,0.8602754715163659,0.10911355673400598
1.214824120603015,0.8991548683412325,0.11441034811334397
1.2650251256281408,0.9364678257132315,0.1195078318997133
1.3152261306532664,0.966306682689957,0.13382330477060947
1.365427135678392,1.0006997553438979,0.13851211131511335
1.4156281407035176,1.0336554069589072,0.1430022567924337
1.4658291457286432,1.065224158608436,0.1473009877534172
1.516030150753769,1.0954577616479129,0.15141567457040653
1.5662311557788946,1.1244084422735825,0.1553537139931191
1.6164321608040202,1.1521283103543944,0.159122453412961
1.6666331658291458,1.1726898555322114,0.17223815159533795
1.7168341708542714,1.1982060473595786,0.17559804793800737
1.7670351758793972,1.2226397244892981,0.17880690141477015
1.8172361809045228,1.2460391036535916,0.18187204429998943
1.8674371859296484,1.2623069801284323,0.19431059878299664
1.917638190954774,1.2838926509130886,0.19699519047365405
1.9678391959798995,1.298102946859875,0.20919671694107797
2.018040201005025,1.3180561115836615,0.21151346080092723
2.0682412060301507,1.3371826131643094,0.2137197477692484
2.1184422110552763,1.3489071136792905,0.2254088113530369
2.168643216080402,1.3666344675517166,0.2272776920469793
2.2188442211055275,1.3767870760786045,0.2386772206568923
2.269045226130653,1.3932557498116385,0.24022798448368712
2.3192462311557787,1.402003104042221,0.25132494891758983
2.3694472361809042,1.4173386908572279,0.25257802275494723
2.41964824120603,1.4248304511832863,0.26336562485554005
2.469849246231156,1.431581302774924,0.2740482214169403
2.5200502512562815,1.4455152193637628,0.2748179994137782
2.570251256281407,1.451216786312701,0.2851804772848989
2.6204522613065326,1.4562876881096771,0.29541895333558493
2.6706532663316582,1.460764441939905,0.3055244734949233
2.720854271356784,1.4732378672181425,0.30566923082573555
2.7710552763819094,1.4768979267099425,0.3154520232823771
2.821256281407035,1.480053961133001,0.3250929716921247
2.8714572864321606,1.4827363880065076,0.3345867765116622
2.921658291457286,1.484974256916267,0.34392903124414165
2.971859296482412,1.48679526900629,0.3531161503684952
3.022060301507538,1.4977625742169485,0.35240579828377167
3.0722613065326634,1.4990357569022514,0.3612866933417608
3.122462311557789,1.4999570457572695,0.3700133995029936
3.1726633165829146,1.5102408575772341,0.36901983047897036
3.22286432160804,1.510708407750061,0.3774581009278929
3.2730653266331657,1.5205094076424233,0.3763434908982686
3.3232663316582913,1.5205725949831141,0.38450690628564027
3.373467336683417,1.5203678882846072,0.3925240690467137
3.4236683417085425,1.529632530877463,0.39118555446854175
3.473869346733668,1.5290933827166626,0.3989457935093549
3.524070351758794,1.5379624683904791,0.39751807681556706
3.5742713567839197,1.5371253702794692,0.40503392179394127
3.6244723618090453,1.5360841091418236,0.4124135146344351
3.674673366834171,1.5445264717128417,0.410810235110627
3.7248743718592965,1.5432393890476315,0.41796231684175034
3.775075376884422,1.5417802006515144,0.42498381243879685
3.8252763819095477,1.5498471091291262,0.4232307129347533
3.8754773869346733,1.54818564704159,0.43004082230436536
3.925678391959799,1.5463793101867824,0.43672626815283655
3.9758793969849244,1.5444382926225972,0.4432881754718815
4.0260804020100505,1.5521416019935814,0.44133525418023656
4.076281407035176,1.550047687233792,0.447705863430031
4.126482412060302,1.547840850499939,0.45395907760857923
4.176683417085427,1.5552567424975912,0.45190688691899156
4.226884422110553,1.5529254447163023,0.4579828385726479
4.277085427135678,1.5504997414936814,0.4639474206375141
4.327286432160804,1.547986831148541,0.4698020741561965
4.37748743718593,1.5551309101477868,0.46761274358181343
4.427688442211055,1.5525259447045148,0.47330754140352294
4.477889447236181,1.5498485809125246,0.47889827216204345
4.528090452261306,1.5471047130866888,0.48438645059828883
4.578291457286432,1.544299914595205,0.48977363127620865
4.6284924623115575,1.5512028845775245,0.48743340443879984
4.678693467336683,1.54833767283864,0.4926805967378455
4.728894472361809,1.545422633392565,0.49783234579504126
4.779095477386934,1.5424623323861137,0.50289020026353
4.82929648241206,1.5394610831605675,0.5078557254403968
4.879497487437186,1.5364229583635283,0.5127304985658551
4.929698492462312,1.5333518015960146,0.5175161045448651
4.9798994974874375,1.5400507089700155,0.5150047105401051
5.030100502512563,0.8700151100027701,0.8191513022154907
5.080301507537689,0.8708088899301477,0.8203917760001203
5.130502512562814,0.8715795879316482,0.8216019238600851
5.18070351758794,0.872327985186987,0.8227826889586843
5.2309045226130655,0.8730548326419469,0.8239349798351158
5.281105527638191,0.8737608523090714,0.8250596718369279
5.331306532663317,0.8744467385064306,0.8261576084866941
5.381507537688442,0.8751131590393147,0.8272296027877308
5.431708542713568,0.8757607563263422,0.8282764384705215
5.481909547738693,0.8763901484780504,0.829298871187707
5.532110552763819,0.8770019303148613,0.830297629645474
5.582311557788945,0.8775966743526796,0.8312734166982961
5.63251256281407,0.8781749317330244,0.8322269103853913
5.682713567839196,0.8787372331147731,0.8331587649252685
5.732914572864321,0.8792840895243934,0.834069611665595
5.783115577889447,0.8798159931693195,0.834960059993013
5.833316582914573,0.8803334182118514,0.8358306982005828
5.883517587939698,0.880836821509843,0.8366820943189904
5.933718592964825,0.8813266433252865,0.8375147969127381
5.98391959798995,0.8818033079996455,0.8383293358403984
6.034120603015076,0.88226722459888,0.8391262229818839
6.084321608040201,0.8827187875308564,0.8399059529354405
6.134522613065327,0.8831583771357788,0.8406690036851326
6.184723618090453,0.8835863602486814,0.8414158372380327
6.234924623115578,0.8840030907393572,0.84214690023637
6.285125628140704,0.8844089100274056,0.8428626245425778
6.335326633165829,0.8848041475752666,0.8435634278000723
6.385527638190955,0.8851891213595534,0.8442497139702027
6.4357286432160805,0.8855641383221399,0.8449218738468602
6.485929648241206,0.8859294948017171,0.8455802855495537
6.536130653266332,0.8862854769467807,0.8462253149959643
6.586331658291457,0.886632361110909,0.8468573163549061
6.636532663316583,0.8869704142311486,0.8474766324805768
6.6867336683417085,0.88729989419029,0.848083595328929
6.736934673366834,0.8876210501637689,0.8486785263569705
6.78713567839196,0.8879341229519078,0.8492617369057457
6.837336683417085,0.8882393452981506,0.8498335285677299
6.887537688442211,0.8885369421939511,0.8503941935393192
6.937738693467336,0.8888271311709035,0.8509440149590838
6.987939698492463,0.8891101225806955,0.8514832672324013
7.0381407035175885,0.8893861198634492,0.8520122163430739
7.088341708542714,0.8896553198049493,0.8525311201524987
7.13854271356784,0.889917912783276,0.8530402286869286
7.188743718592965,0.8901740830053069,0.8535397844133511
7.238944723618091,0.8904240087335441,0.8540300225044666
7.289145728643216,0.8906678625036942,0.8545111710932469
7.339346733668342,0.8909058113334131,0.8549834515175168
7.389547738693468,0.891138016922603,0.8554470785549898
7.439748743718593,0.8913646358456386,0.8559022606491641
7.489949748743719,0.8915858197358697,0.8563492001264708
7.540150753768844,0.8918017154627463,0.8567880934050438
7.59035175879397,0.8920124653018823,0.8572191311954673
7.6405527638190955,0.8922182070983634,0.8576424986938416
7.690753768844221,0.8924190744236,0.8580583757674857
7.740954773869347,0.8926151967259948,0.8584669371335892
7.791155778894472,0.8928066994756976,0.8588683525311076
7.841356783919598,0.8929937043036971,0.8592627868861797
7.8915577889447235,0.8931763291354925,0.8596504004713402
7.941758793969849,0.8933546883195801,0.8600313490587806
7.991959798994975,0.8935288927509671,0.8604057840679051
8.042160804020101,0.8936990499899342,0.8607738527074145
8.092361809045226,0.8938652643762304,0.8611356981121446
8.142562814070352,0.8940276371389142,0.8614914594748725
8.192763819095477,0.8941862665020048,0.86184127217329
8.242964824120603,0.8943412477861264,0.8621852678923481
8.293165829145728,0.8944926735063117,0.8625235747421547
8.343366834170855,0.8946406334661248,0.8628563173716042
8.39356783919598,0.8947852148482524,0.863183617077909
8.443768844221106,0.8949265023017097,0.8635055919122021
8.49396984924623,0.8950645780258035,0.8638223567813607
8.544170854271357,0.8951995218509816,0.8641340235462038
8.594371859296484,0.8953314113166931,0.8644407011162041
8.644572864321608,0.8954603217463889,0.8647424955408578
8.694773869346735,0.8955863263197681,0.8650395100978369
8.74497487437186,0.8957094961423898,0.8653318453780533
8.795175879396986,0.8958299003127603,0.8656195993677372
8.84537688442211,0.8959476059869578,0.8659028675277008
8.895577889447237,0.8960626784409784,0.8661817428698169
8.945778894472362,0.8961751811307898,0.8664563160308777
8.995979899497488,0.8962851757502573,0.8667266753439172
9.046180904522613,0.8963927222870041,0.866992906907088
9.09638190954774,0.8964978790762728,0.8672550946501957
9.146582914572864,0.8966007028528918,0.867513320398971
9.19678391959799,0.8967012488014017,0.8677676639371718
9.246984924623115,0.8967995706044218,0.8680182030665928
9.297185929648242,0.8968957204893223,0.8682650136650644
9.347386934673366,0.8969897492732677,0.8685081697425113
9.397587939698493,0.8970817064066966,0.8687477434951506
9.447788944723618,0.8971716400152964,0.8689838053578868
9.497989949748744,0.8972595969405253,0.8692164240549863
9.548190954773869,0.8973456227787501,0.8694456666490785
9.598391959798995,0.8974297619190355,0.8696715985885568
9.64859296482412,0.8975120575796508,0.8698942837534316
9.698793969849246,0.8975925518433334,0.8701137844996942
9.748994974874373,0.8976712856913603,0.8703301617022453
9.799195979899498,0.897748299036466,0.8705434747964399
9.849396984924624,0.8978236307546614,0.8707537818182987
9.899597989949749,0.8978973187159811,0.870961139443432
9.949798994974875,0.8979693998142085,0.8711656030247267
10.0,0.898039909995614,0.8713672266288343
