0.01,0.0008191117028367924,-0.0
0.11045226130653266,0.013302258468158674,-0.0
0.21090452261306533,0.0390984203988781,-0.0
0.311356783919598,0.09467555055902473,0.0
0.41180904522613065,0.17133568154856998,-0.0
0.5122613065326633,0.2683021551332035,3.7516515914251025e-14
0.612713567839196,0.3712487454689655,4.868732425752243e-07
0.7131658291457287,0.48123425269607245,0.00010257604814566848
0.8136180904522613,0.5811817670903119,0.0007348108304292584
0.9140703517587939,0.6808961105902929,0.0058836648899683016
1.0145226130653267,0.7663842623635044,0.006613718753117458
1.1149748743718593,0.8514212506646432,0.007292607080244703
1.215427135678392,0.9304121987763144,0.013408099961893979
1.3158793969849245,1.0062691054147626,0.013627087704025253
1.4163316582914574,1.0763213477961018,0.013829906326687362
1.51678391959799,1.1405116060944955,0.014010518154813805
1.6172361809045226,1.1979464501761021,0.020489170433602894
1.7176884422110552,1.2519760737500294,0.020169610662244167
1.8181407035175878,1.3013315152710128,0.019894526413804497
1.9185929648241207,1.3455589618912065,0.026563000857938373
2.019045226130653,1.3871546061846702,0.02582676772977874
2.1194974874371857,1.4252852430744307,0.025183284744152226
2.2199497487437183,1.459470921259396,0.031752992907412264
2.320402010050251,1.4918107283950253,0.030717007228402177
2.4208542713567835,1.5206410685633094,0.03753522707754215
2.521306532663316,1.54821323343307,0.0361361428404931
2.621758793969849,1.5736421043545885,0.034895141299704044
2.722211055276382,1.5962514660263434,0.041366092357569904
2.8226633165829145,1.6181014224604533,0.039831090050463154
2.923115577889447,1.6373611344611518,0.04636381668363716
3.0235678391959797,1.6562434633408178,0.0445686534991454
3.1240201005025123,1.6727116965628024,0.051107878401835734
3.224472361809045,1.6891231518913465,0.04908626850431294
3.3249246231155776,1.7032559350316174,0.05559121544580048
3.42537688442211,1.7176008432145284,0.05337506600683229
3.525829145728643,1.729771482350944,0.059816056317983056
3.6262814070351754,1.7423798300097337,0.05743462882458357
3.726733668341708,1.752894804781081,0.06379041366957283
3.827185929648241,1.764036833712591,0.061269999361430565
3.9276381909547737,1.7731486484722616,0.06752570343437575
4.028090452261306,1.783046539926129,0.06488959990649645
4.128542713567839,1.790964043964195,0.07103515096674577
4.228994974874372,1.799801235913908,0.06830380540325307
4.329447236180904,1.806697885742267,0.07433274066627468
4.429899497487437,1.8146264927275542,0.07152397670475719
4.5303517587939695,1.820646962038072,0.07743253759574752
4.630804020100502,1.8277936865307651,0.07456181567536492
4.731256281407035,1.8330591587850034,0.08034826184823222
4.831708542713567,1.8378922479791524,0.0862895108939194
4.9321608040201,1.8441424228960608,0.08309303330862171
5.0326130653266326,1.8483712353878832,0.08889703219010246
5.133065326633165,1.85407195144599,0.08567923042130732
5.233517587939698,1.8577755993582297,0.09134872034389668
5.33396984924623,1.8611511446746691,0.09713663793265669
5.434422110552764,1.8662416655790308,0.09365666643708129
5.5348743718592965,1.869193139708504,0.09930272646771555
5.635326633165829,1.8738854798837952,0.0958319579948597
5.735778894472362,1.876465668197884,0.10134102954951364
5.836231155778894,1.8787902795890397,0.10694170109243085
5.936683417085427,1.8830603696576247,0.10326171517522384
6.03713567839196,1.8850831690647276,0.10872266114554821
6.137587939698492,1.8868821093146961,0.11426142106490421
6.238040201005025,1.8908129029509395,0.11040093409216604
6.3384924623115575,1.8923661236442435,0.11579945542492971
6.43894472361809,1.8960425528568365,0.11198467671512416
6.539396984924623,1.8973786724503787,0.11724913381500159
6.639849246231155,1.8985342131199798,0.12257461453806047
6.740301507537688,1.9019706715299958,0.11861751135116477
6.840753768844221,1.9029489694517832,0.12381025742216259
6.941206030150753,1.9037661409142645,0.12905498782786612
7.041658291457286,1.9070074962738106,0.12497697478978255
7.1421105527638185,1.9076801629296811,0.13009129225943497
7.242562814070351,1.9082082294607303,0.13524985103433187
7.343015075376884,1.911290289431751,0.13107008374209264
7.443467336683416,1.9117008784325618,0.13610125061749823
7.54391959798995,1.9119810197196818,0.14117001446571795
7.644371859296482,1.9121337900557585,0.14627281776789802
7.744824120603015,1.9151175399269686,0.14185042114437083
7.845276381909548,1.915184379636778,0.14682717596135855
7.94572864321608,1.9151356380353004,0.15183261474278612
8.046180904522613,1.91801868260624,0.14734982278854933
8.146633165829146,1.91790148964022,0.15223345541172031
8.247085427135678,1.9176789767078395,0.15714116810641976
8.34753768844221,1.9204783349933952,0.15261080981685732
8.447989949748743,1.9202019752514905,0.157401063594457
8.548442211055276,1.919829279832874,0.16221143256757586
8.648894472361809,1.9193622514622777,0.1670393792613945
8.749346733668341,1.922144386703137,0.16234207014578722
8.849798994974874,1.9216416565881995,0.1670560458731529
8.950251256281406,1.9210522793674758,0.17178442102081629
9.05070351758794,1.9203780136330209,0.17652496387974864
9.151155778894472,1.923162689604929,0.17168720672112658
9.251608040201004,1.9224673672727821,0.17631782778956087
9.352060301507537,1.9216937845278987,0.18095808526574006
9.45251256281407,1.9208435056153637,0.18560601510474414
9.552964824120602,1.9236447712989586,0.18065153898122024
9.653417085427135,1.922785276866136,0.18519393541358864
9.753869346733667,1.9218548412337448,0.189742004397765
9.8543216080402,1.9208548703718349,0.19429401580621516
9.954773869346733,1.923682427764363,0.18924394731827168
10.055226130653265,1.9226828204201007,0.19369498887585374
10.155678391959798,1.9216187037715275,0.1981484092431006
10.25613065326633,1.920491352156801,0.2026026825708298
10.356582914572863,1.9233516012386873,0.19747574758119268
10.457035175879396,1.9222323567948019,0.20183366993329077
10.557487437185928,1.9210542885396835,0.20619123933663647
10.657939698492461,1.9198185592629189,0.21054710833009083
10.758391959798995,1.9185263296934447,0.21489997281708786
10.858844221105528,1.9214940244700003,0.20962395067190556
10.95929648241206,1.9202188768443091,0.21388544333401632
11.059748743718593,1.9188910232225338,0.21814313117311204
11.160201005025126,1.9175115291552003,0.22239586169338288
11.260653266331659,1.9160814588687047,0.22664252108775007
11.361105527638191,1.9191602495146773,0.22124646416142627
11.461557788944724,1.9177542239096,0.22540687400891332
11.562010050251256,1.916300897564526,0.22956073076298
11.662462311557789,1.9148012515735129,0.23370704917083715
11.762914572864322,1.9132562657537484,0.23784487834915738
11.863366834170854,1.911666918309644,0.24197330130260045
11.963819095477387,1.9149306108492545,0.23641111191832767
12.06427135678392,1.9133725122904734,0.24045908794055934
12.164723618090452,1.9117728150328852,0.24449749901499776
12.265175879396985,1.9101324234980708,0.24852553356765897
12.365628140703517,1.9084522401650785,0.2525424099907562
12.46608040201005,1.906733165181848,0.2565473761497535
12.566532663316583,1.9049760959678095,0.2605397088779837
12.666984924623115,1.908496265802086,0.2547869193251309
12.767437185929648,1.9067771190857576,0.2587054535363443
12.86788944723618,1.9050222449356653,0.2626114916395749
12.968341708542713,1.903232474359605,0.26650439354489447
13.068793969849246,1.901408635236197,0.2703835446699374
13.169246231155778,1.8995515519334776,0.2742483554540943
13.269698492462311,1.8976620449302304,0.27809826086705286
13.370150753768844,1.9014299516298556,0.272203781897546
13.470603015075376,1.8995828495462113,0.27598651427497795
13.571055276381909,1.8977051746717575,0.27975468284439753
13.671507537688441,1.8957976874342923,0.28350778746427413
13.771959798994974,1.8938611440800142,0.2872453495398172
13.872412060301507,1.8918962963395094,0.29096691156692384
13.97286432160804,1.8899038911018218,0.29467203667465713
14.073316582914572,1.8878846700974603,0.29836030816690734
14.173768844221105,1.8858393695910023,0.3020313290639278
14.274221105527637,1.883768720083953,0.3056847216443086
14.37467336683417,1.8879864821247578,0.2995625969078989
14.475125628140702,1.8859631796413905,0.3031579197606224
14.575577889447235,1.883915884718383,0.3067361768112276
14.676030150753768,1.8818452743330907,0.31029703450652585
14.7764824120603,1.8797520196997424,0.31384017615157156
14.876934673366833,1.877636786027088,0.3173653014988623
14.977386934673365,1.8755002322868972,0.32087212633992546
15.0778391959799,1.8733430109935185,0.32436038209965146
15.178291457286432,1.8711657679945797,0.3278298154337497
15.278743718592965,1.8689691422729404,0.331280187829639
15.379195979899498,1.8667537657599014,0.3347112752111099
15.47964824120603,1.8645202631596733,0.3381228675470276
15.580100502512563,1.8622692517850592,0.3415147684643518
15.680552763819096,1.8600013414042702,0.3448867948657182
15.781005025125628,1.8577171340987757,0.3482387765518042
15.88145728643216,1.8554172241320313,0.35157055584869973
15.981909547738693,1.8531021978289617,0.3548819872404533
16.082361809045228,1.8507726334659813,0.3581729370069794
16.18281407035176,1.8484291011713776,0.3614432828674802
16.283266331658293,1.846072162835828,0.3646929136295123
16.383718592964826,1.8437023720328303,0.3679217288438247
16.48417085427136,1.8413202739487795,0.37112963846508895
16.58462311557789,1.8389264053224665,0.3743165625185919
16.685075376884424,1.8365212943937075,0.3774824307729858
16.785527638190956,1.8341054608608387,0.38062718241917065
16.88597989949749,1.8316794158468008,0.383750765755343
16.98643216080402,1.8292436618735284,0.38685313787827297
17.086884422110554,1.826798692844342,0.3899342643808386
17.187336683417087,1.82434499403408,0.3929941190558252
17.28778894472362,1.8131857015802608,0.40588104705828565
17.388241206030152,1.8106501437600016,0.40888546055568453
17.488693467336685,1.808108405360359,0.41186776957285226
17.589145728643217,1.8055609359512619,0.41482800106955947
17.68959798994975,1.8030081759187933,0.41776618846053676
17.790050251256282,1.8004505565202111,0.42068237135322617
17.890502512562815,1.7978884999442728,0.4235765952922851
17.990954773869348,1.7858080579200901,0.4363148849146975
18.09140703517588,1.7831822630032963,0.4391444222592136
18.191859296482413,1.7901797944164806,0.4321280527140498
18.292311557788945,1.7876040320312023,0.43493500646012745
18.392763819095478,1.7850258098292193,0.4377203095563241
18.49321608040201,1.782445497114433,0.44048403817478915
18.593668341708543,1.7798634546683632,0.4432262728194569
18.694120603015076,1.7772800348426077,0.44594709812180533
18.79457286432161,1.7746955816541687,0.44864660264258877
18.89502512562814,1.7721104308833895,0.45132487867947735
18.995477386934674,1.779187613517374,0.44444605271746995
19.095929648241206,1.776648923803298,0.44710571255095916
19.19638190954774,1.7741094387487528,0.44974489728351874
19.29683417085427,1.7715694707920995,0.4523636954038135
19.397286432160804,1.7690293249114302,0.4549621986189075
19.497738693467337,1.7664892987173477,0.45754050169202237
19.59819095477387,1.7639496825474856,0.46009870228520866
19.698643216080402,1.7614107595625486,0.4626369008068655
19.799095477386935,1.7685433050282169,0.45590121494469943
19.899547738693467,1.766047398016738,0.45842417190377377
20.0,1.7635520302534475,0.46092780708253805
