0.01,-3.242277870456252
0.11045226130653266,-3.242272695576577
0.21090452261306533,-3.2422035584878084
0.311356783919598,-3.241670404275541
0.41180904522613065,-3.2397088012404023
0.5122613065326633,-3.2345531109815484
0.612713567839196,-3.224897961075937
0.7131658291457287,-3.2098423071050415
0.8136180904522613,-3.1876063491375355
0.9140703517587939,-3.160820573578255
1.0145226130653267,-3.1286010908760793
1.1149748743718593,-3.089752604930497
1.215427135678392,-3.0491944313176185
1.3158793969849245,-3.0051110885562946
1.4163316582914574,-2.95733619987464
1.51678391959799,-2.9055469445522895
1.6172361809045226,-2.8530966262838335
1.7176884422110552,-2.797580603515626
1.8181407035175878,-2.741631182439095
1.9185929648241207,-2.6864047599078518
2.019045226130653,-2.630359900848389
2.1194974874371857,-2.575485532588633
2.2199497487437183,-2.5205383802095853
2.320402010050251,-2.4670113591173313
2.4208542713567835,-2.413894336734753
2.521306532663316,-2.362343949788221
2.621758793969849,-2.311499951252486
2.722211055276382,-2.262294870888203
2.8226633165829145,-2.2143875032288562
2.923115577889447,-2.1672929761644477
3.0235678391959797,-2.1219503257902543
3.1240201005025123,-2.0774999195825608
3.224472361809045,-2.034736951262353
3.3249246231155776,-1.9928955301436568
3.42537688442211,-1.9526589986205032
3.525829145728643,-1.9136794416122145
3.6262814070351754,-1.8755346597109765
3.726733668341708,-1.8389224618469155
3.827185929648241,-1.8031263058185099
3.9276381909547737,-1.7687538852462952
4.028090452261306,-1.7354709268140924
4.128542713567839,-1.7028979823782393
4.228994974874372,-1.6716463796942538
4.329447236180904,-1.6410739268462828
4.429899497487437,-1.611717427124547
4.5303517587939695,-1.5832734738510066
4.630804020100502,-1.5554115394600405
4.731256281407035,-1.528664138895623
4.831708542713567,-1.502731803259982
4.9321608040201,-1.4772954697636784
5.0326130653266326,-1.4528771686185866
5.133065326633165,-1.4289296464658072
5.233517587939698,-1.4059149494289898
5.33396984924623,-1.3835727860180462
5.434422110552764,-1.3616314859560106
5.5348743718592965,-1.340540453940024
5.635326633165829,-1.320048902482272
5.735778894472362,-1.2998984058854504
5.836231155778894,-1.280522977643228
5.936683417085427,-1.2616825371259122
6.03713567839196,-1.2433574198523498
6.137587939698492,-1.2252889696248275
6.238040201005025,-1.2079239291921784
6.3384924623115575,-1.1910198445920752
6.43894472361809,-1.1743333917974912
6.539396984924623,-1.1582893192107377
6.639849246231155,-1.1426584580218329
6.740301507537688,-1.127212254319403
6.840753768844221,-1.112353499178706
6.941206030150753,-1.0978660203825221
7.041658291457286,-1.083535342380113
7.1421105527638185,-1.0697426995613029
7.242562814070351,-1.0562844653912347
7.343015075376884,-1.0431493606450637
7.443467336683416,-1.0301280776272872
7.54391959798995,-1.0175986213061776
7.644371859296482,-1.0053611649989787
7.744824120603015,-0.9932199025341379
7.845276381909548,-0.9815306363163909
7.94572864321608,-0.9701058926626676
8.046180904522613,-0.9589372280126369
8.146633165829146,-0.9478350936769182
8.247085427135678,-0.937147961758523
8.34753768844221,-0.9266935628826349
8.447989949748743,-0.9164647024807575
8.548442211055276,-0.9062786913838963
8.648894472361809,-0.8964746344216294
8.749346733668341,-0.8868761996494108
8.849798994974874,-0.8774772317711346
8.950251256281406,-0.8681022635151372
9.05070351758794,-0.8590796133751297
9.151155778894472,-0.8502393681155347
9.251608040201004,-0.8415762396575595
9.352060301507537,-0.8329221587630542
9.45251256281407,-0.8245937284012506
9.552964824120602,-0.8164277359404082
9.653417085427135,-0.8084196194106994
9.753869346733667,-0.8004087414847731
9.8543216080402,-0.7926994429269882
9.954773869346733,-0.7851353384607833
10.055226130653265,-0.777712476351816
10.155678391959798,-0.7702775784040732
10.25613065326633,-0.7631224709283053
10.356582914572863,-0.7560976040987839
10.457035175879396,-0.7491995410476733
10.557487437185928,-0.7424249600542296
10.657939698492461,-0.7356248989942848
10.758391959798995,-0.7290848075713185
10.858844221105528,-0.7226589367111274
10.95929648241206,-0.7163443835227632
11.059748743718593,-0.7101383391401228
11.160201005025126,-0.703896679448281
11.260653266331659,-0.6978970432436427
11.361105527638191,-0.691998072718242
11.461557788944724,-0.6861973018212417
11.562010050251256,-0.6803579525811152
11.662462311557789,-0.6747442500333882
11.762914572864322,-0.6692218511973138
11.863366834170854,-0.6637885832983308
11.963819095477387,-0.6584423398413684
12.06427135678392,-0.6530514304204189
12.164723618090452,-0.6478712384421677
12.265175879396985,-0.6427721720041824
12.365628140703517,-0.6377523672758549
12.46608040201005,-0.6328100154654663
12.566532663316583,-0.6279433608636182
12.666984924623115,-0.6230243149455781
12.767437185929648,-0.6183023686731843
12.86788944723618,-0.6136511961449109
12.968341708542713,-0.6090692364756549
13.068793969849246,-0.6045549731573878
13.169246231155778,-0.5999857909932196
13.269698492462311,-0.5956011446118374
13.370150753768844,-0.5912799360662966
13.470603015075376,-0.5870208120506284
13.571055276381909,-0.5828224565573308
13.671507537688441,-0.578683589635439
13.771959798994974,-0.5744858383244953
13.872412060301507,-0.5704610809376547
13.97286432160804,-0.566492213054282
14.073316582914572,-0.5625780876093671
14.173768844221105,-0.5587175880285038
14.274221105527637,-0.5549096272472376
14.37467336683417,-0.5510403163438085
14.475125628140702,-0.5473333153455329
14.575577889447235,-0.5436757924120705
14.676030150753768,-0.5400667694524941
14.7764824120603,-0.5365052934746686
14.876934673366833,-0.5329904358050293
14.977386934673365,-0.5295212913366072
15.0778391959799,-0.5259878043668991
15.178291457286432,-0.5226066874044974
15.278743718592965,-0.5192687318672213
15.379195979899498,-0.51597311984521
15.47964824120603,-0.5127190535993904
15.580100502512563,-0.5095057549580204
15.680552763819096,-0.5063324647343279
15.781005025125628,-0.5030933025114379
15.88145728643216,-0.4999972142525273
15.981909547738693,-0.49693899120078555
16.082361809045228,-0.4939179445389641
16.18281407035176,-0.4909334017952496
16.283266331658293,-0.48798470637221314
16.383718592964826,-0.4850712170915408
16.48417085427136,-0.482192307754044
16.58462311557789,-0.47924601647800813
16.685075376884424,-0.47643399479578363
16.785527638190956,-0.4736547828477988
16.88597989949749,-0.4709078100491588
16.98643216080402,-0.46819251879264456
17.086884422110554,-0.46550836408966845
17.187336683417087,-0.4628548132229078
17.28778894472362,-0.46023134541011856
17.388241206030152,-0.4576374514787318
17.488693467336685,-0.4549751112361804
17.589145728643217,-0.45243858019929206
17.68959798994975,-0.44993018152367625
17.790050251256282,-0.4474494492061538
17.890502512562815,-0.44499592736756455
17.990954773869348,-0.44256916998485707
18.09140703517588,-0.44016874063139966
18.191859296482413,-0.4377942122254055
18.292311557788945,-0.4354451667860175
18.392763819095478,-0.4331211951968683
18.49321608040201,-0.43072844944603617
18.593668341708543,-0.4284532652460342
18.694120603015076,-0.4262019947112492
18.79457286432161,-0.4239742617313098
18.89502512562814,-0.4217696979772825
18.995477386934674,-0.4195879427053413
19.095929648241206,-0.41742864256590195
19.19638190954774,-0.4152914514186392
19.29683417085427,-0.4131760301528189
19.397286432160804,-0.4110820465129805
19.497738693467337,-0.4090091749294871
19.59819095477387,-0.4069570963542475
19.698643216080402,-0.4049254981009156
19.799095477386935,-0.4028249901733503
19.899547738693467,-0.400833415094489
20.0,-0.398861431633982
